xflr5 v6.61

 Calculated polar for: NACA 0006

 1 1 Reynolds number fixed          Mach number fixed         

 xtrf =   1.000 (top)        1.000 (bottom)
 Mach =   0.500     Re =     2.000 e 6     Ncrit =   9.000

  alpha     CL        CD       CDp       Cm    Top Xtr Bot Xtr   Cpmin    Chinge    XCp    
 ------- -------- --------- --------- -------- ------- ------- -------- --------- ---------
  -5.000  -0.6260   0.02180   0.01924  -0.0118  1.0000  0.0063  -4.0212   0.0000   0.0000   0.0000   0.2283
  -4.500  -0.5834   0.01365   0.01016  -0.0079  1.0000  0.0060  -4.3468   0.0000   0.0000   0.0000   0.2337
  -4.000  -0.5296   0.00929   0.00508  -0.0037  1.0000  0.0061  -4.2172   0.0000   0.0000   0.0000   0.2405
  -3.000  -0.4091   0.00681   0.00209   0.0019  0.9999  0.0129  -2.7500   0.0000   0.0000   0.0000   0.2528
  -2.500  -0.3275   0.00621   0.00152  -0.0006  0.9950  0.0338  -1.8499   0.0000   0.0000   0.0000   0.2465
  -2.000  -0.2495   0.00547   0.00111  -0.0030  0.9853  0.1276  -1.2799   0.0000   0.0000   0.0000   0.2364
  -1.500  -0.1774   0.00464   0.00078  -0.0045  0.9623  0.2974  -0.8155   0.0000   0.0000   0.0000   0.2230
  -1.000  -0.1182   0.00405   0.00060  -0.0030  0.9103  0.4626  -0.5444   0.0000   0.0000   0.0000   0.2232
  -0.500  -0.0597   0.00376   0.00049  -0.0013  0.8312  0.6035  -0.3546   0.0000   0.0000   0.0000   0.2264
   0.000  -0.0000   0.00366   0.00045  -0.0000  0.7284  0.7284  -0.2465   0.0000   0.0000   0.0000  -0.0871
   0.500   0.0597   0.00376   0.00049   0.0013  0.6035  0.8312  -0.3546   0.0000   0.0000   0.0000   0.2264
   1.000   0.1182   0.00405   0.00060   0.0030  0.4626  0.9103  -0.5444   0.0000   0.0000   0.0000   0.2232
   1.500   0.1774   0.00464   0.00078   0.0045  0.2974  0.9623  -0.8155   0.0000   0.0000   0.0000   0.2230
   2.000   0.2495   0.00547   0.00111   0.0030  0.1276  0.9853  -1.2799   0.0000   0.0000   0.0000   0.2364
   2.500   0.3275   0.00621   0.00152   0.0006  0.0338  0.9950  -1.8499   0.0000   0.0000   0.0000   0.2465
   3.000   0.4091   0.00681   0.00209  -0.0019  0.0129  0.9999  -2.7500   0.0000   0.0000   0.0000   0.2528
   3.500   0.4709   0.00742   0.00281   0.0003  0.0087  1.0000  -3.6630   0.0000   0.0000   0.0000   0.2471
   4.000   0.5295   0.00929   0.00508   0.0037  0.0061  1.0000  -4.2172   0.0000   0.0000   0.0000   0.2405
   4.500   0.5834   0.01365   0.01016   0.0079  0.0060  1.0000  -4.3468   0.0000   0.0000   0.0000   0.2337
   5.000   0.6260   0.02180   0.01925   0.0118  0.0063  1.0000  -4.0211   0.0000   0.0000   0.0000   0.2283


