xflr5 v6.61

 Calculated polar for: NACA 0008

 1 1 Reynolds number fixed          Mach number fixed         

 xtrf =   1.000 (top)        1.000 (bottom)
 Mach =   0.300     Re =     2.000 e 6     Ncrit =   9.000

  alpha     CL        CD       CDp       Cm    Top Xtr Bot Xtr   Cpmin    Chinge    XCp    
 ------- -------- --------- --------- -------- ------- ------- -------- --------- ---------
 -10.000  -0.8299   0.07239   0.07129   0.0024  1.0000  0.0055  -5.6167   0.0000   0.0000   0.0000   0.2451
  -9.500  -0.8762   0.04883   0.04751  -0.0191  1.0000  0.0055  -6.4585   0.0000   0.0000   0.0000   0.2206
  -9.000  -0.9326   0.03429   0.03238  -0.0188  1.0000  0.0054  -7.3341   0.0000   0.0000   0.0000   0.2225
  -8.500  -0.9470   0.02209   0.01914  -0.0143  1.0000  0.0053  -7.9657   0.0000   0.0000   0.0000   0.2277
  -8.000  -0.9193   0.01580   0.01199  -0.0101  1.0000  0.0054  -7.8607   0.0000   0.0000   0.0000   0.2322
  -7.500  -0.8743   0.01271   0.00841  -0.0071  1.0000  0.0060  -7.3248   0.0000   0.0000   0.0000   0.2357
  -7.000  -0.8192   0.01173   0.00728  -0.0053  1.0000  0.0068  -6.4469   0.0000   0.0000   0.0000   0.2378
  -6.500  -0.7688   0.01011   0.00539  -0.0029  1.0000  0.0088  -5.7325   0.0000   0.0000   0.0000   0.2410
  -6.000  -0.7152   0.00933   0.00453  -0.0010  1.0000  0.0100  -4.9360   0.0000   0.0000   0.0000   0.2439
  -5.500  -0.6622   0.00866   0.00376   0.0009  1.0000  0.0115  -4.2046   0.0000   0.0000   0.0000   0.2472
  -5.000  -0.6100   0.00804   0.00306   0.0030  1.0000  0.0151  -3.5312   0.0000   0.0000   0.0000   0.2511
  -4.500  -0.5475   0.00761   0.00262   0.0027  0.9986  0.0195  -2.9447   0.0000   0.0000   0.0000   0.2514
  -4.000  -0.4761   0.00708   0.00215   0.0003  0.9952  0.0332  -2.4094   0.0000   0.0000   0.0000   0.2474
  -3.500  -0.4047   0.00659   0.00177  -0.0022  0.9911  0.0575  -1.8966   0.0000   0.0000   0.0000   0.2416
  -3.000  -0.3375   0.00600   0.00143  -0.0040  0.9814  0.1169  -1.4522   0.0000   0.0000   0.0000   0.2354
  -2.500  -0.2769   0.00539   0.00114  -0.0043  0.9622  0.2085  -1.1354   0.0000   0.0000   0.0000   0.2319
  -2.000  -0.2222   0.00490   0.00092  -0.0032  0.9287  0.3036  -0.8630   0.0000   0.0000   0.0000   0.2330
  -1.500  -0.1676   0.00455   0.00074  -0.0022  0.8830  0.4004  -0.6544   0.0000   0.0000   0.0000   0.2349
  -1.000  -0.1124   0.00431   0.00062  -0.0012  0.8236  0.4980  -0.4910   0.0000   0.0000   0.0000   0.2368
  -0.500  -0.0563   0.00417   0.00056  -0.0006  0.7541  0.5896  -0.3735   0.0000   0.0000   0.0000   0.2374
   0.000   0.0000   0.00412   0.00054   0.0000  0.6756  0.6756  -0.2928   0.0000   0.0000   0.0000  -0.0675
   0.500   0.0563   0.00417   0.00056   0.0006  0.5896  0.7540  -0.3735   0.0000   0.0000   0.0000   0.2374
   1.000   0.1124   0.00431   0.00062   0.0012  0.4980  0.8236  -0.4910   0.0000   0.0000   0.0000   0.2368
   1.500   0.1676   0.00455   0.00074   0.0022  0.4004  0.8830  -0.6544   0.0000   0.0000   0.0000   0.2349
   2.000   0.2222   0.00490   0.00092   0.0032  0.3036  0.9287  -0.8631   0.0000   0.0000   0.0000   0.2330
   2.500   0.2769   0.00539   0.00114   0.0043  0.2085  0.9622  -1.1354   0.0000   0.0000   0.0000   0.2319
   3.000   0.3375   0.00600   0.00143   0.0040  0.1169  0.9814  -1.4522   0.0000   0.0000   0.0000   0.2354
   3.500   0.4047   0.00659   0.00177   0.0022  0.0575  0.9912  -1.8967   0.0000   0.0000   0.0000   0.2416
   4.000   0.4761   0.00708   0.00215  -0.0003  0.0332  0.9952  -2.4095   0.0000   0.0000   0.0000   0.2474
   4.500   0.5475   0.00761   0.00262  -0.0027  0.0195  0.9986  -2.9448   0.0000   0.0000   0.0000   0.2514
   5.000   0.6099   0.00804   0.00306  -0.0030  0.0151  1.0000  -3.5308   0.0000   0.0000   0.0000   0.2511
   5.500   0.6621   0.00866   0.00376  -0.0009  0.0115  1.0000  -4.2042   0.0000   0.0000   0.0000   0.2472
   6.000   0.7152   0.00933   0.00453   0.0010  0.0100  1.0000  -4.9356   0.0000   0.0000   0.0000   0.2439
   6.500   0.7687   0.01011   0.00539   0.0030  0.0088  1.0000  -5.7323   0.0000   0.0000   0.0000   0.2410
   7.000   0.8192   0.01173   0.00728   0.0053  0.0068  1.0000  -6.4469   0.0000   0.0000   0.0000   0.2378
   7.500   0.8743   0.01271   0.00841   0.0070  0.0060  1.0000  -7.3250   0.0000   0.0000   0.0000   0.2357
   8.000   0.9194   0.01580   0.01200   0.0101  0.0054  1.0000  -7.8609   0.0000   0.0000   0.0000   0.2322
   8.500   0.9471   0.02210   0.01915   0.0143  0.0053  1.0000  -7.9655   0.0000   0.0000   0.0000   0.2277
   9.000   0.9326   0.03433   0.03242   0.0187  0.0054  1.0000  -7.3313   0.0000   0.0000   0.0000   0.2226
   9.500   0.8762   0.04896   0.04765   0.0189  0.0055  1.0000  -6.4501   0.0000   0.0000   0.0000   0.2208
  10.000   0.8301   0.07272   0.07161  -0.0029  0.0055  1.0000  -5.5998   0.0000   0.0000   0.0000   0.2457
  10.500   0.7850   0.09232   0.09117  -0.0156  0.0056  1.0000  -4.7117   0.0000   0.0000   0.0000   0.2620
  11.000   0.7503   0.10924   0.10805  -0.0243  0.0058  1.0000  -3.8848   0.0000   0.0000   0.0000   0.2744
  11.500   0.7308   0.12337   0.12216  -0.0305  0.0062  1.0000  -3.2788   0.0000   0.0000   0.0000   0.2836
  12.000   0.7203   0.13593   0.13471  -0.0356  0.0065  1.0000  -2.8224   0.0000   0.0000   0.0000   0.2911


