xflr5 v6.61

 Calculated polar for: NACA 0006

 1 1 Reynolds number fixed          Mach number fixed         

 xtrf =   1.000 (top)        1.000 (bottom)
 Mach =   0.500     Re =     0.500 e 6     Ncrit =   9.000

  alpha     CL        CD       CDp       Cm    Top Xtr Bot Xtr   Cpmin    Chinge    XCp    
 ------- -------- --------- --------- -------- ------- ------- -------- --------- ---------
  -9.500  -0.6856   0.11847   0.11605   0.0351  1.0000  0.0204  -1.8738   0.0000   0.0000   0.0000   0.2968
  -9.000  -0.6783   0.11013   0.10774   0.0319  1.0000  0.0212  -1.8706   0.0000   0.0000   0.0000   0.2930
  -8.500  -0.6728   0.10157   0.09920   0.0282  1.0000  0.0222  -1.9045   0.0000   0.0000   0.0000   0.2882
  -8.000  -0.6687   0.09266   0.09032   0.0237  1.0000  0.0234  -1.9706   0.0000   0.0000   0.0000   0.2820
  -7.500  -0.6660   0.08318   0.08088   0.0177  1.0000  0.0251  -2.0914   0.0000   0.0000   0.0000   0.2733
  -7.000  -0.6585   0.07134   0.06907   0.0042  1.0000  0.0268  -2.3860   0.0000   0.0000   0.0000   0.2533
  -6.500  -0.6559   0.05969   0.05728  -0.0071  1.0000  0.0269  -2.5960   0.0000   0.0000   0.0000   0.2363
  -6.000  -0.6487   0.04978   0.04709  -0.0118  1.0000  0.0269  -2.7318   0.0000   0.0000   0.0000   0.2291
  -5.500  -0.6433   0.03809   0.03512  -0.0133  1.0000  0.0166  -2.9923   0.0000   0.0000   0.0000   0.2267
  -5.000  -0.6146   0.02795   0.02424  -0.0129  1.0000  0.0145  -3.2718   0.0000   0.0000   0.0000   0.2264
  -4.500  -0.5719   0.01950   0.01474  -0.0098  1.0000  0.0136  -3.5543   0.0000   0.0000   0.0000   0.2302
  -4.000  -0.5166   0.01450   0.00888  -0.0064  1.0000  0.0149  -3.4492   0.0000   0.0000   0.0000   0.2352
  -3.500  -0.4587   0.01155   0.00540  -0.0031  1.0000  0.0201  -3.1165   0.0000   0.0000   0.0000   0.2412
  -3.000  -0.4002   0.00988   0.00356  -0.0005  1.0000  0.0310  -2.4766   0.0000   0.0000   0.0000   0.2470
  -2.500  -0.3413   0.00861   0.00239   0.0017  1.0000  0.0823  -1.8619   0.0000   0.0000   0.0000   0.2533
  -2.000  -0.2860   0.00688   0.00175   0.0031  1.0000  0.3758  -1.3976   0.0000   0.0000   0.0000   0.2594
  -1.500  -0.2301   0.00575   0.00149   0.0050  1.0000  0.6295  -0.9863   0.0000   0.0000   0.0000   0.2703
  -1.000  -0.1758   0.00506   0.00152   0.0080  1.0000  0.8242  -0.6502   0.0000   0.0000   0.0000   0.2947
  -0.500  -0.1148   0.00497   0.00170   0.0103  1.0000  0.9496  -0.4268   0.0000   0.0000   0.0000   0.3386
   0.000   0.0000   0.00503   0.00176  -0.0000  0.9895  0.9895  -0.2473   0.0000   0.0000   0.0000   0.2840
   0.500   0.1148   0.00497   0.00170  -0.0103  0.9496  1.0000  -0.4268   0.0000   0.0000   0.0000   0.3386
   1.000   0.1758   0.00506   0.00151  -0.0080  0.8242  1.0000  -0.6502   0.0000   0.0000   0.0000   0.2947
   1.500   0.2301   0.00575   0.00149  -0.0050  0.6295  1.0000  -0.9862   0.0000   0.0000   0.0000   0.2703
   2.000   0.2860   0.00688   0.00175  -0.0031  0.3758  1.0000  -1.3975   0.0000   0.0000   0.0000   0.2594
   2.500   0.3412   0.00861   0.00239  -0.0017  0.0823  1.0000  -1.8618   0.0000   0.0000   0.0000   0.2533
   3.000   0.4001   0.00988   0.00356   0.0005  0.0310  1.0000  -2.4765   0.0000   0.0000   0.0000   0.2470
   3.500   0.4586   0.01155   0.00540   0.0031  0.0201  1.0000  -3.1164   0.0000   0.0000   0.0000   0.2411
   4.000   0.5166   0.01450   0.00888   0.0064  0.0149  1.0000  -3.4492   0.0000   0.0000   0.0000   0.2352
   4.500   0.5719   0.01950   0.01474   0.0098  0.0136  1.0000  -3.5543   0.0000   0.0000   0.0000   0.2303
   5.000   0.6147   0.02796   0.02424   0.0129  0.0145  1.0000  -3.2717   0.0000   0.0000   0.0000   0.2265
   5.500   0.6434   0.03810   0.03512   0.0133  0.0166  1.0000  -2.9922   0.0000   0.0000   0.0000   0.2267


