xflr5 v6.61

 Calculated polar for: NACA 0012

 1 1 Reynolds number fixed          Mach number fixed         

 xtrf =   1.000 (top)        1.000 (bottom)
 Mach =   0.300     Re =     0.500 e 6     Ncrit =   9.000

  alpha     CL        CD       CDp       Cm    Top Xtr Bot Xtr   Cpmin    Chinge    XCp    
 ------- -------- --------- --------- -------- ------- ------- -------- --------- ---------
 -10.000  -1.0475   0.02532   0.01985  -0.0268  1.0000  0.0268  -5.5969   0.0000   0.0000   0.0000   0.2128
  -9.500  -1.0314   0.02168   0.01589  -0.0211  1.0000  0.0291  -5.3668   0.0000   0.0000   0.0000   0.2186
  -9.000  -0.9959   0.01987   0.01389  -0.0171  1.0000  0.0319  -4.9851   0.0000   0.0000   0.0000   0.2225
  -8.500  -0.9560   0.01845   0.01229  -0.0134  1.0000  0.0354  -4.5921   0.0000   0.0000   0.0000   0.2264
  -8.000  -0.9218   0.01672   0.01044  -0.0087  1.0000  0.0400  -4.2400   0.0000   0.0000   0.0000   0.2315
  -7.500  -0.8816   0.01563   0.00925  -0.0047  1.0000  0.0452  -3.8595   0.0000   0.0000   0.0000   0.2362
  -7.000  -0.8439   0.01440   0.00791  -0.0003  1.0000  0.0519  -3.5054   0.0000   0.0000   0.0000   0.2417
  -6.500  -0.8023   0.01357   0.00701   0.0035  1.0000  0.0604  -3.1871   0.0000   0.0000   0.0000   0.2469
  -6.000  -0.7611   0.01270   0.00617   0.0072  1.0000  0.0750  -2.8960   0.0000   0.0000   0.0000   0.2525
  -5.500  -0.7188   0.01191   0.00547   0.0106  1.0000  0.0962  -2.6086   0.0000   0.0000   0.0000   0.2582
  -5.000  -0.6528   0.01110   0.00479   0.0090  0.9964  0.1344  -2.2622   0.0000   0.0000   0.0000   0.2577
  -4.500  -0.5749   0.01025   0.00422   0.0050  0.9899  0.1966  -1.9149   0.0000   0.0000   0.0000   0.2528
  -4.000  -0.4964   0.00944   0.00375   0.0008  0.9824  0.2705  -1.6246   0.0000   0.0000   0.0000   0.2460
  -3.500  -0.4201   0.00876   0.00333  -0.0029  0.9732  0.3444  -1.3516   0.0000   0.0000   0.0000   0.2378
  -3.000  -0.3417   0.00813   0.00298  -0.0068  0.9640  0.4177  -1.1274   0.0000   0.0000   0.0000   0.2249
  -2.500  -0.2771   0.00762   0.00269  -0.0075  0.9458  0.4814  -0.9480   0.0000   0.0000   0.0000   0.2179
  -2.000  -0.2190   0.00719   0.00246  -0.0066  0.9212  0.5416  -0.8037   0.0000   0.0000   0.0000   0.2147
  -1.500  -0.1640   0.00686   0.00226  -0.0050  0.8894  0.5991  -0.6858   0.0000   0.0000   0.0000   0.2144
  -1.000  -0.1091   0.00662   0.00211  -0.0034  0.8525  0.6554  -0.5875   0.0000   0.0000   0.0000   0.2143
  -0.500  -0.0546   0.00646   0.00203  -0.0017  0.8092  0.7098  -0.5070   0.0000   0.0000   0.0000   0.2140
   0.000  -0.0000   0.00641   0.00201  -0.0000  0.7615  0.7615  -0.4390   0.0000   0.0000   0.0000   0.2267
   0.500   0.0546   0.00646   0.00203   0.0017  0.7098  0.8092  -0.5070   0.0000   0.0000   0.0000   0.2140
   1.000   0.1091   0.00662   0.00211   0.0034  0.6554  0.8525  -0.5875   0.0000   0.0000   0.0000   0.2143
   1.500   0.1640   0.00686   0.00226   0.0050  0.5992  0.8894  -0.6858   0.0000   0.0000   0.0000   0.2144
   2.000   0.2190   0.00719   0.00246   0.0066  0.5416  0.9213  -0.8037   0.0000   0.0000   0.0000   0.2147
   2.500   0.2771   0.00762   0.00269   0.0075  0.4814  0.9458  -0.9480   0.0000   0.0000   0.0000   0.2179
   3.000   0.3418   0.00813   0.00298   0.0068  0.4177  0.9640  -1.1274   0.0000   0.0000   0.0000   0.2250
   3.500   0.4200   0.00876   0.00333   0.0029  0.3444  0.9732  -1.3516   0.0000   0.0000   0.0000   0.2378
   4.000   0.4965   0.00944   0.00375  -0.0008  0.2705  0.9824  -1.6246   0.0000   0.0000   0.0000   0.2460
   4.500   0.5749   0.01025   0.00422  -0.0050  0.1966  0.9900  -1.9150   0.0000   0.0000   0.0000   0.2528
   5.000   0.6528   0.01110   0.00479  -0.0090  0.1344  0.9964  -2.2624   0.0000   0.0000   0.0000   0.2577
   5.500   0.7186   0.01190   0.00547  -0.0105  0.0963  1.0000  -2.6081   0.0000   0.0000   0.0000   0.2582
   6.000   0.7610   0.01270   0.00617  -0.0072  0.0750  1.0000  -2.8956   0.0000   0.0000   0.0000   0.2525
   6.500   0.8021   0.01357   0.00701  -0.0035  0.0604  1.0000  -3.1867   0.0000   0.0000   0.0000   0.2469
   7.000   0.8438   0.01440   0.00791   0.0003  0.0519  1.0000  -3.5050   0.0000   0.0000   0.0000   0.2417
   7.500   0.8816   0.01563   0.00924   0.0047  0.0452  1.0000  -3.8593   0.0000   0.0000   0.0000   0.2362
   8.000   0.9218   0.01672   0.01044   0.0087  0.0400  1.0000  -4.2399   0.0000   0.0000   0.0000   0.2315
   8.500   0.9561   0.01844   0.01228   0.0133  0.0354  1.0000  -4.5925   0.0000   0.0000   0.0000   0.2264
   9.000   0.9961   0.01987   0.01389   0.0171  0.0319  1.0000  -4.9858   0.0000   0.0000   0.0000   0.2226
   9.500   1.0317   0.02168   0.01589   0.0211  0.0291  1.0000  -5.3679   0.0000   0.0000   0.0000   0.2186
  10.000   1.0479   0.02532   0.01985   0.0267  0.0268  1.0000  -5.5989   0.0000   0.0000   0.0000   0.2129
  10.500   1.0683   0.02780   0.02265   0.0319  0.0259  1.0000  -5.8951   0.0000   0.0000   0.0000   0.2077
  11.000   1.0774   0.03126   0.02647   0.0368  0.0247  1.0000  -6.1138   0.0000   0.0000   0.0000   0.2027
  11.500   1.0764   0.03603   0.03162   0.0398  0.0236  1.0000  -6.2582   0.0000   0.0000   0.0000   0.1990
  12.000   1.0651   0.04271   0.03869   0.0396  0.0227  1.0000  -6.3205   0.0000   0.0000   0.0000   0.1978
  12.500   1.0438   0.05203   0.04839   0.0354  0.0222  1.0000  -6.2886   0.0000   0.0000   0.0000   0.2001
  13.000   1.0106   0.06459   0.06130   0.0274  0.0219  1.0000  -6.1310   0.0000   0.0000   0.0000   0.2058
  13.500   0.9616   0.08109   0.07812   0.0165  0.0220  1.0000  -5.7899   0.0000   0.0000   0.0000   0.2149
  14.000   0.8722   0.10657   0.10392   0.0009  0.0228  1.0000  -4.9573   0.0000   0.0000   0.0000   0.2307


