xflr5 v6.61

 Calculated polar for: NACA 0015

 1 1 Reynolds number fixed          Mach number fixed         

 xtrf =   1.000 (top)        1.000 (bottom)
 Mach =   0.500     Re =     0.500 e 6     Ncrit =   9.000

  alpha     CL        CD       CDp       Cm    Top Xtr Bot Xtr   Cpmin    Chinge    XCp    
 ------- -------- --------- --------- -------- ------- ------- -------- --------- ---------
 -10.000  -0.9955   0.03365   0.02908  -0.0552  1.0000  0.0522  -4.6364   0.0000   0.0000   0.0000   0.1780
  -9.500  -0.9878   0.02871   0.02384  -0.0532  1.0000  0.0562  -4.4361   0.0000   0.0000   0.0000   0.1807
  -9.000  -0.9745   0.02486   0.01968  -0.0491  1.0000  0.0596  -4.2101   0.0000   0.0000   0.0000   0.1850
  -8.500  -0.9678   0.02165   0.01630  -0.0427  1.0000  0.0644  -3.9994   0.0000   0.0000   0.0000   0.1923
  -8.000  -0.9594   0.01981   0.01429  -0.0334  1.0000  0.0699  -3.8047   0.0000   0.0000   0.0000   0.2025
  -7.500  -0.9748   0.01871   0.01303  -0.0190  1.0000  0.0740  -3.6774   0.0000   0.0000   0.0000   0.2187
  -7.000  -0.9502   0.01738   0.01161  -0.0112  0.9974  0.0838  -3.4304   0.0000   0.0000   0.0000   0.2272
  -6.500  -0.8675   0.01571   0.00982  -0.0132  0.9889  0.1014  -3.0358   0.0000   0.0000   0.0000   0.2242
  -6.000  -0.7811   0.01422   0.00833  -0.0161  0.9808  0.1263  -2.6510   0.0000   0.0000   0.0000   0.2193
  -5.500  -0.6985   0.01303   0.00716  -0.0180  0.9695  0.1589  -2.3373   0.0000   0.0000   0.0000   0.2144
  -5.000  -0.6196   0.01199   0.00621  -0.0193  0.9560  0.1976  -2.0473   0.0000   0.0000   0.0000   0.2094
  -4.500  -0.5504   0.01110   0.00543  -0.0186  0.9367  0.2387  -1.8049   0.0000   0.0000   0.0000   0.2070
  -4.000  -0.4886   0.01037   0.00480  -0.0164  0.9116  0.2806  -1.6008   0.0000   0.0000   0.0000   0.2077
  -3.500  -0.4279   0.00981   0.00427  -0.0139  0.8826  0.3219  -1.4188   0.0000   0.0000   0.0000   0.2090
  -3.000  -0.3674   0.00936   0.00384  -0.0115  0.8503  0.3636  -1.2552   0.0000   0.0000   0.0000   0.2105
  -2.500  -0.3070   0.00900   0.00351  -0.0092  0.8136  0.4043  -1.1144   0.0000   0.0000   0.0000   0.2119
  -2.000  -0.2458   0.00875   0.00324  -0.0072  0.7745  0.4456  -0.9891   0.0000   0.0000   0.0000   0.2130
  -1.500  -0.1844   0.00856   0.00303  -0.0053  0.7346  0.4860  -0.8791   0.0000   0.0000   0.0000   0.2136
  -1.000  -0.1231   0.00843   0.00289  -0.0035  0.6926  0.5274  -0.7827   0.0000   0.0000   0.0000   0.2144
  -0.500  -0.0614   0.00839   0.00280  -0.0017  0.6513  0.5678  -0.6975   0.0000   0.0000   0.0000   0.2140
   0.000   0.0000   0.00833   0.00278   0.0000  0.6096  0.6096  -0.6227   0.0000   0.0000   0.0000  -0.0680
   0.500   0.0614   0.00839   0.00280   0.0017  0.5678  0.6513  -0.6975   0.0000   0.0000   0.0000   0.2140
   1.000   0.1231   0.00843   0.00289   0.0035  0.5274  0.6926  -0.7827   0.0000   0.0000   0.0000   0.2144
   1.500   0.1844   0.00856   0.00303   0.0053  0.4860  0.7346  -0.8791   0.0000   0.0000   0.0000   0.2136
   2.000   0.2458   0.00875   0.00324   0.0072  0.4456  0.7745  -0.9891   0.0000   0.0000   0.0000   0.2130
   2.500   0.3071   0.00900   0.00351   0.0092  0.4043  0.8136  -1.1144   0.0000   0.0000   0.0000   0.2119
   3.000   0.3675   0.00936   0.00384   0.0115  0.3635  0.8503  -1.2552   0.0000   0.0000   0.0000   0.2105
   3.500   0.4280   0.00981   0.00427   0.0139  0.3219  0.8826  -1.4189   0.0000   0.0000   0.0000   0.2090
   4.000   0.4887   0.01037   0.00480   0.0164  0.2806  0.9116  -1.6009   0.0000   0.0000   0.0000   0.2077
   4.500   0.5504   0.01110   0.00543   0.0186  0.2387  0.9367  -1.8050   0.0000   0.0000   0.0000   0.2071
   5.000   0.6197   0.01199   0.00621   0.0193  0.1976  0.9560  -2.0475   0.0000   0.0000   0.0000   0.2094
   5.500   0.6986   0.01303   0.00716   0.0180  0.1589  0.9695  -2.3375   0.0000   0.0000   0.0000   0.2145
   6.000   0.7813   0.01422   0.00833   0.0160  0.1263  0.9808  -2.6515   0.0000   0.0000   0.0000   0.2194
   6.500   0.8677   0.01571   0.00982   0.0132  0.1014  0.9889  -3.0365   0.0000   0.0000   0.0000   0.2243
   7.000   0.9506   0.01738   0.01160   0.0111  0.0837  0.9975  -3.4314   0.0000   0.0000   0.0000   0.2272
   7.500   0.9749   0.01870   0.01302   0.0190  0.0740  1.0000  -3.6776   0.0000   0.0000   0.0000   0.2187
   8.000   0.9597   0.01980   0.01428   0.0334  0.0699  1.0000  -3.8056   0.0000   0.0000   0.0000   0.2025
   8.500   0.9684   0.02164   0.01629   0.0426  0.0644  1.0000  -4.0011   0.0000   0.0000   0.0000   0.1924
   9.000   0.9751   0.02487   0.01968   0.0490  0.0595  1.0000  -4.2121   0.0000   0.0000   0.0000   0.1852
   9.500   0.9889   0.02871   0.02384   0.0530  0.0561  1.0000  -4.4399   0.0000   0.0000   0.0000   0.1809
  10.000   0.9969   0.03365   0.02908   0.0550  0.0522  1.0000  -4.6414   0.0000   0.0000   0.0000   0.1783
  10.500   0.9958   0.04004   0.03573   0.0548  0.0491  1.0000  -4.7990   0.0000   0.0000   0.0000   0.1774
  11.000   0.9736   0.04889   0.04486   0.0522  0.0472  1.0000  -4.8188   0.0000   0.0000   0.0000   0.1776
  11.500   0.9492   0.05867   0.05496   0.0482  0.0462  1.0000  -4.7932   0.0000   0.0000   0.0000   0.1794
  12.000   0.9147   0.07025   0.06682   0.0423  0.0452  1.0000  -4.6820   0.0000   0.0000   0.0000   0.1829
  12.500   0.8707   0.08366   0.08046   0.0347  0.0443  1.0000  -4.4774   0.0000   0.0000   0.0000   0.1883
  13.000   0.8151   0.09961   0.09659   0.0253  0.0435  1.0000  -4.1382   0.0000   0.0000   0.0000   0.1964
  13.500   0.7393   0.11994   0.11705   0.0134  0.0420  1.0000  -3.5339   0.0000   0.0000   0.0000   0.2090
  14.000   0.6988   0.13651   0.13363   0.0046  0.0396  1.0000  -3.1014   0.0000   0.0000   0.0000   0.2203
  14.500   0.6961   0.14675   0.14386  -0.0006  0.0377  1.0000  -3.0083   0.0000   0.0000   0.0000   0.2272
  15.000   0.6836   0.15941   0.15651  -0.0071  0.0359  1.0000  -2.7535   0.0000   0.0000   0.0000   0.2363
  15.500   0.6751   0.17325   0.17036  -0.0141  0.0340  1.0000  -2.4754   0.0000   0.0000   0.0000   0.2467
  16.000   0.6797   0.18432   0.18143  -0.0198  0.0316  1.0000  -2.3490   0.0000   0.0000   0.0000   0.2546
  16.500   0.6896   0.19424   0.19135  -0.0249  0.0306  1.0000  -2.2735   0.0000   0.0000   0.0000   0.2611
  17.000   0.7033   0.20328   0.20039  -0.0297  0.0297  1.0000  -2.2399   0.0000   0.0000   0.0000   0.2665
  17.500   0.7220   0.21070   0.20781  -0.0336  0.0286  1.0000  -2.2901   0.0000   0.0000   0.0000   0.2701
  18.000   0.7418   0.21742   0.21455  -0.0372  0.0273  1.0000  -2.3784   0.0000   0.0000   0.0000   0.2727
  18.500   0.7527   0.22856   0.22569  -0.0432  0.0262  1.0000  -2.1770   0.0000   0.0000   0.0000   0.2796
  19.000   0.7652   0.24206   0.23921  -0.0477  0.0360  1.0000  -1.8711   0.0000   0.0000   0.0000   0.2842
  19.500   0.7795   0.25145   0.24859  -0.0562  0.0323  1.0000  -1.7595   0.0000   0.0000   0.0000   0.2934
  20.000   0.8019   0.25789   0.25503  -0.0605  0.0292  1.0000  -1.8763   0.0000   0.0000   0.0000   0.2958


