xflr5 v6.61

 Calculated polar for: NACA 0006

 1 1 Reynolds number fixed          Mach number fixed         

 xtrf =   1.000 (top)        1.000 (bottom)
 Mach =   0.300     Re =     1.000 e 6     Ncrit =   9.000

  alpha     CL        CD       CDp       Cm    Top Xtr Bot Xtr   Cpmin    Chinge    XCp    
 ------- -------- --------- --------- -------- ------- ------- -------- --------- ---------
  -5.500  -0.6176   0.02229   0.01858  -0.0084  1.0000  0.0104  -3.7213   0.0000   0.0000   0.0000   0.2334
  -5.000  -0.5744   0.01335   0.00846  -0.0045  1.0000  0.0075  -4.3361   0.0000   0.0000   0.0000   0.2394
  -4.500  -0.5232   0.01043   0.00512  -0.0022  1.0000  0.0078  -4.0113   0.0000   0.0000   0.0000   0.2432
  -4.000  -0.4691   0.00907   0.00359  -0.0006  1.0000  0.0112  -3.4943   0.0000   0.0000   0.0000   0.2463
  -3.500  -0.4145   0.00820   0.00258   0.0007  1.0000  0.0174  -2.8704   0.0000   0.0000   0.0000   0.2496
  -3.000  -0.3602   0.00750   0.00189   0.0019  1.0000  0.0337  -2.2286   0.0000   0.0000   0.0000   0.2536
  -2.500  -0.3068   0.00674   0.00144   0.0030  1.0000  0.1134  -1.6139   0.0000   0.0000   0.0000   0.2583
  -2.000  -0.2544   0.00566   0.00111   0.0038  1.0000  0.3177  -1.2058   0.0000   0.0000   0.0000   0.2636
  -1.500  -0.2007   0.00478   0.00093   0.0044  1.0000  0.5231  -0.8495   0.0000   0.0000   0.0000   0.2708
  -1.000  -0.1274   0.00402   0.00085   0.0009  0.9926  0.7200  -0.5223   0.0000   0.0000   0.0000   0.2562
  -0.500  -0.0595   0.00353   0.00085  -0.0007  0.9753  0.8587  -0.3250   0.0000   0.0000   0.0000   0.2369
   0.000   0.0000   0.00338   0.00087   0.0000  0.9365  0.9365  -0.2218   0.0000   0.0000   0.0000  -0.1007
   0.500   0.0595   0.00353   0.00085   0.0007  0.8587  0.9753  -0.3250   0.0000   0.0000   0.0000   0.2369
   1.000   0.1274   0.00402   0.00085  -0.0009  0.7200  0.9926  -0.5223   0.0000   0.0000   0.0000   0.2562
   1.500   0.2007   0.00478   0.00093  -0.0044  0.5232  1.0000  -0.8494   0.0000   0.0000   0.0000   0.2708
   2.000   0.2544   0.00566   0.00111  -0.0038  0.3178  1.0000  -1.2058   0.0000   0.0000   0.0000   0.2636
   2.500   0.3068   0.00673   0.00144  -0.0030  0.1134  1.0000  -1.6138   0.0000   0.0000   0.0000   0.2583
   3.000   0.3601   0.00750   0.00189  -0.0019  0.0338  1.0000  -2.2285   0.0000   0.0000   0.0000   0.2536
   3.500   0.4145   0.00820   0.00258  -0.0007  0.0174  1.0000  -2.8703   0.0000   0.0000   0.0000   0.2496
   4.000   0.4690   0.00907   0.00359   0.0006  0.0112  1.0000  -3.4942   0.0000   0.0000   0.0000   0.2463
   4.500   0.5232   0.01043   0.00512   0.0022  0.0078  1.0000  -4.0113   0.0000   0.0000   0.0000   0.2432
   5.000   0.5744   0.01335   0.00846   0.0045  0.0075  1.0000  -4.3361   0.0000   0.0000   0.0000   0.2394
   5.500   0.6176   0.02229   0.01858   0.0084  0.0104  1.0000  -3.7212   0.0000   0.0000   0.0000   0.2334


