xflr5 v6.61

 Calculated polar for: NACA 0006

 1 1 Reynolds number fixed          Mach number fixed         

 xtrf =   1.000 (top)        1.000 (bottom)
 Mach =   0.500     Re =     1.000 e 6     Ncrit =   9.000

  alpha     CL        CD       CDp       Cm    Top Xtr Bot Xtr   Cpmin    Chinge    XCp    
 ------- -------- --------- --------- -------- ------- ------- -------- --------- ---------
  -8.000  -0.6809   0.08904   0.08738   0.0230  1.0000  0.0131  -2.3703   0.0000   0.0000   0.0000   0.2801
  -7.500  -0.6791   0.08009   0.07846   0.0180  1.0000  0.0134  -2.4101   0.0000   0.0000   0.0000   0.2732
  -7.000  -0.6795   0.07035   0.06875   0.0107  1.0000  0.0137  -2.4992   0.0000   0.0000   0.0000   0.2626
  -6.500  -0.6782   0.05844   0.05680  -0.0027  1.0000  0.0139  -2.6610   0.0000   0.0000   0.0000   0.2433
  -6.000  -0.6682   0.04668   0.04481  -0.0107  1.0000  0.0140  -2.8646   0.0000   0.0000   0.0000   0.2313
  -5.500  -0.6497   0.03509   0.03277  -0.0135  1.0000  0.0105  -3.2412   0.0000   0.0000   0.0000   0.2265
  -5.000  -0.6198   0.02502   0.02199  -0.0125  1.0000  0.0093  -3.5291   0.0000   0.0000   0.0000   0.2271
  -4.500  -0.5773   0.01648   0.01248  -0.0090  1.0000  0.0086  -3.8701   0.0000   0.0000   0.0000   0.2318
  -4.000  -0.5229   0.01150   0.00669  -0.0050  1.0000  0.0090  -3.8305   0.0000   0.0000   0.0000   0.2379
  -3.500  -0.4639   0.00941   0.00418  -0.0018  1.0000  0.0122  -3.3617   0.0000   0.0000   0.0000   0.2440
  -3.000  -0.4044   0.00816   0.00273   0.0008  1.0000  0.0198  -2.6182   0.0000   0.0000   0.0000   0.2500
  -2.500  -0.3442   0.00735   0.00193   0.0028  1.0000  0.0440  -1.9018   0.0000   0.0000   0.0000   0.2566
  -2.000  -0.2858   0.00633   0.00143   0.0043  1.0000  0.1898  -1.4097   0.0000   0.0000   0.0000   0.2636
  -1.500  -0.2105   0.00518   0.00109   0.0016  0.9947  0.4342  -0.9252   0.0000   0.0000   0.0000   0.2565
  -1.000  -0.1294   0.00432   0.00093  -0.0020  0.9825  0.6463  -0.5662   0.0000   0.0000   0.0000   0.2336
   0.000  -0.0000   0.00355   0.00087  -0.0000  0.8958  0.8958  -0.2471   0.0000   0.0000   0.0000  -0.2325
   0.500   0.0573   0.00376   0.00088   0.0029  0.7978  0.9543  -0.3531   0.0000   0.0000   0.0000   0.1975
   1.000   0.1294   0.00432   0.00093   0.0020  0.6463  0.9825  -0.5662   0.0000   0.0000   0.0000   0.2336
   1.500   0.2105   0.00518   0.00109  -0.0016  0.4342  0.9947  -0.9252   0.0000   0.0000   0.0000   0.2565
   2.000   0.2857   0.00633   0.00143  -0.0043  0.1898  1.0000  -1.4095   0.0000   0.0000   0.0000   0.2636
   2.500   0.3441   0.00735   0.00193  -0.0028  0.0440  1.0000  -1.9017   0.0000   0.0000   0.0000   0.2565
   3.000   0.4044   0.00816   0.00273  -0.0007  0.0198  1.0000  -2.6180   0.0000   0.0000   0.0000   0.2500
   3.500   0.4639   0.00941   0.00417   0.0018  0.0122  1.0000  -3.3617   0.0000   0.0000   0.0000   0.2440
   4.000   0.5228   0.01150   0.00669   0.0050  0.0090  1.0000  -3.8305   0.0000   0.0000   0.0000   0.2379
   4.500   0.5773   0.01648   0.01248   0.0090  0.0086  1.0000  -3.8701   0.0000   0.0000   0.0000   0.2318
   5.000   0.6199   0.02502   0.02200   0.0125  0.0093  1.0000  -3.5290   0.0000   0.0000   0.0000   0.2271
   5.500   0.6498   0.03510   0.03277   0.0135  0.0105  1.0000  -3.2411   0.0000   0.0000   0.0000   0.2266


