xflr5 v6.61

 Calculated polar for: NACA 0012

 1 1 Reynolds number fixed          Mach number fixed         

 xtrf =   1.000 (top)        1.000 (bottom)
 Mach =   0.500     Re =     2.000 e 6     Ncrit =   9.000

  alpha     CL        CD       CDp       Cm    Top Xtr Bot Xtr   Cpmin    Chinge    XCp    
 ------- -------- --------- --------- -------- ------- ------- -------- --------- ---------
 -10.000  -1.0605   0.03363   0.03149  -0.0491  1.0000  0.0157  -6.6913   0.0000   0.0000   0.0000   0.1903
  -9.500  -1.0876   0.02562   0.02305  -0.0487  1.0000  0.0163  -6.7102   0.0000   0.0000   0.0000   0.1929
  -9.000  -1.1035   0.02051   0.01747  -0.0408  1.0000  0.0170  -6.6131   0.0000   0.0000   0.0000   0.2015
  -8.500  -1.0980   0.01712   0.01362  -0.0307  1.0000  0.0179  -6.3320   0.0000   0.0000   0.0000   0.2113
  -8.000  -1.0766   0.01494   0.01107  -0.0206  1.0000  0.0187  -5.8947   0.0000   0.0000   0.0000   0.2209
  -7.500  -1.0219   0.01277   0.00853  -0.0160  0.9974  0.0209  -5.2831   0.0000   0.0000   0.0000   0.2251
  -7.000  -0.9391   0.01145   0.00699  -0.0158  0.9938  0.0248  -4.5181   0.0000   0.0000   0.0000   0.2245
  -6.500  -0.8580   0.01043   0.00582  -0.0157  0.9888  0.0299  -3.9313   0.0000   0.0000   0.0000   0.2236
  -6.000  -0.7778   0.00966   0.00497  -0.0159  0.9811  0.0362  -3.3787   0.0000   0.0000   0.0000   0.2220
  -5.500  -0.7084   0.00897   0.00423  -0.0142  0.9659  0.0465  -2.9044   0.0000   0.0000   0.0000   0.2229
  -5.000  -0.6438   0.00840   0.00363  -0.0119  0.9448  0.0616  -2.4825   0.0000   0.0000   0.0000   0.2250
  -4.500  -0.5804   0.00786   0.00310  -0.0096  0.9189  0.0837  -2.1385   0.0000   0.0000   0.0000   0.2273
  -4.000  -0.5168   0.00738   0.00263  -0.0076  0.8868  0.1145  -1.8300   0.0000   0.0000   0.0000   0.2293
  -3.500  -0.4532   0.00696   0.00221  -0.0060  0.8492  0.1544  -1.5460   0.0000   0.0000   0.0000   0.2313
  -3.000  -0.3893   0.00656   0.00187  -0.0046  0.8073  0.2048  -1.3143   0.0000   0.0000   0.0000   0.2329
  -2.500  -0.3252   0.00624   0.00160  -0.0034  0.7620  0.2574  -1.1084   0.0000   0.0000   0.0000   0.2344
  -2.000  -0.2608   0.00603   0.00139  -0.0024  0.7123  0.3102  -0.9349   0.0000   0.0000   0.0000   0.2357
  -1.500  -0.1957   0.00585   0.00124  -0.0017  0.6643  0.3625  -0.7906   0.0000   0.0000   0.0000   0.2365
  -1.000  -0.1306   0.00573   0.00114  -0.0011  0.6152  0.4143  -0.6711   0.0000   0.0000   0.0000   0.2371
  -0.500  -0.0655   0.00567   0.00108  -0.0005  0.5640  0.4657  -0.5748   0.0000   0.0000   0.0000   0.2379
   0.000   0.0000   0.00566   0.00106   0.0000  0.5144  0.5144  -0.4938   0.0000   0.0000   0.0000  -0.0906
   0.500   0.0655   0.00567   0.00108   0.0005  0.4657  0.5640  -0.5748   0.0000   0.0000   0.0000   0.2379
   1.000   0.1306   0.00573   0.00114   0.0011  0.4143  0.6152  -0.6711   0.0000   0.0000   0.0000   0.2371
   1.500   0.1957   0.00585   0.00124   0.0017  0.3625  0.6643  -0.7906   0.0000   0.0000   0.0000   0.2365
   2.000   0.2608   0.00603   0.00139   0.0024  0.3102  0.7123  -0.9350   0.0000   0.0000   0.0000   0.2357
   2.500   0.3252   0.00624   0.00160   0.0034  0.2574  0.7620  -1.1085   0.0000   0.0000   0.0000   0.2344
   3.000   0.3893   0.00656   0.00187   0.0046  0.2048  0.8073  -1.3144   0.0000   0.0000   0.0000   0.2329
   3.500   0.4532   0.00696   0.00221   0.0060  0.1544  0.8492  -1.5461   0.0000   0.0000   0.0000   0.2313
   4.000   0.5169   0.00738   0.00263   0.0076  0.1145  0.8868  -1.8301   0.0000   0.0000   0.0000   0.2293
   4.500   0.5805   0.00786   0.00310   0.0096  0.0837  0.9189  -2.1386   0.0000   0.0000   0.0000   0.2273
   5.000   0.6439   0.00840   0.00363   0.0118  0.0616  0.9448  -2.4827   0.0000   0.0000   0.0000   0.2250
   5.500   0.7085   0.00897   0.00423   0.0142  0.0465  0.9659  -2.9047   0.0000   0.0000   0.0000   0.2229
   6.000   0.7779   0.00966   0.00496   0.0159  0.0362  0.9811  -3.3791   0.0000   0.0000   0.0000   0.2221
   6.500   0.8581   0.01043   0.00582   0.0157  0.0299  0.9888  -3.9317   0.0000   0.0000   0.0000   0.2236
   7.000   0.9393   0.01145   0.00699   0.0158  0.0248  0.9939  -4.5187   0.0000   0.0000   0.0000   0.2245
   7.500   1.0221   0.01277   0.00853   0.0159  0.0209  0.9974  -5.2841   0.0000   0.0000   0.0000   0.2251
   8.000   1.0766   0.01494   0.01107   0.0206  0.0187  1.0000  -5.8943   0.0000   0.0000   0.0000   0.2209
   8.500   1.0981   0.01712   0.01362   0.0306  0.0179  1.0000  -6.3327   0.0000   0.0000   0.0000   0.2114
   9.000   1.1039   0.02053   0.01749   0.0407  0.0170  1.0000  -6.6146   0.0000   0.0000   0.0000   0.2016
   9.500   1.0882   0.02565   0.02308   0.0485  0.0163  1.0000  -6.7113   0.0000   0.0000   0.0000   0.1930
  10.000   1.0612   0.03370   0.03156   0.0489  0.0157  1.0000  -6.6917   0.0000   0.0000   0.0000   0.1905
  10.500   1.0296   0.04513   0.04333   0.0417  0.0153  1.0000  -6.6015   0.0000   0.0000   0.0000   0.1952
  11.000   0.9952   0.05837   0.05677   0.0322  0.0150  1.0000  -6.4608   0.0000   0.0000   0.0000   0.2024
  11.500   0.9583   0.07183   0.07035   0.0239  0.0148  1.0000  -6.2723   0.0000   0.0000   0.0000   0.2092
  12.000   0.9205   0.08517   0.08375   0.0164  0.0146  1.0000  -6.0342   0.0000   0.0000   0.0000   0.2156
  12.500   0.8831   0.09849   0.09710   0.0092  0.0143  1.0000  -5.7456   0.0000   0.0000   0.0000   0.2226
  13.000   0.8488   0.11218   0.11081   0.0015  0.0140  1.0000  -5.4096   0.0000   0.0000   0.0000   0.2307
  13.500   0.8189   0.12589   0.12452  -0.0061  0.0135  1.0000  -5.0415   0.0000   0.0000   0.0000   0.2396
  14.000   0.7919   0.14020   0.13883  -0.0141  0.0129  1.0000  -4.5944   0.0000   0.0000   0.0000   0.2497
  14.500   0.7531   0.15844   0.15706  -0.0242  0.0119  1.0000  -3.7123   0.0000   0.0000   0.0000   0.2643
  15.000   0.7508   0.16994   0.16856  -0.0299  0.0114  1.0000  -3.4266   0.0000   0.0000   0.0000   0.2717
  15.500   0.7504   0.18191   0.18053  -0.0358  0.0109  1.0000  -3.1194   0.0000   0.0000   0.0000   0.2793
  16.000   0.7561   0.19312   0.19174  -0.0413  0.0105  1.0000  -2.9471   0.0000   0.0000   0.0000   0.2859
  16.500   0.7662   0.20356   0.20218  -0.0466  0.0099  1.0000  -2.8375   0.0000   0.0000   0.0000   0.2916
  17.000   0.7802   0.21307   0.21169  -0.0515  0.0090  1.0000  -2.8038   0.0000   0.0000   0.0000   0.2962
  17.500   0.7982   0.22112   0.21974  -0.0559  0.0081  1.0000  -2.9007   0.0000   0.0000   0.0000   0.2996
  18.000   0.8177   0.22854   0.22716  -0.0603  0.0074  1.0000  -3.0681   0.0000   0.0000   0.0000   0.3024


