xflr5 v6.61

 Calculated polar for: NACA 0012

 1 1 Reynolds number fixed          Mach number fixed         

 xtrf =   1.000 (top)        1.000 (bottom)
 Mach =   0.500     Re =     1.000 e 6     Ncrit =   9.000

  alpha     CL        CD       CDp       Cm    Top Xtr Bot Xtr   Cpmin    Chinge    XCp    
 ------- -------- --------- --------- -------- ------- ------- -------- --------- ---------
 -10.000  -0.9739   0.04255   0.04004  -0.0433  1.0000  0.0210  -5.8368   0.0000   0.0000   0.0000   0.1921
  -9.500  -0.9989   0.03275   0.02986  -0.0480  1.0000  0.0216  -5.8578   0.0000   0.0000   0.0000   0.1895
  -9.000  -1.0150   0.02609   0.02273  -0.0456  1.0000  0.0225  -5.7811   0.0000   0.0000   0.0000   0.1935
  -8.500  -1.0199   0.02171   0.01789  -0.0379  1.0000  0.0237  -5.6007   0.0000   0.0000   0.0000   0.2022
  -8.000  -1.0084   0.01862   0.01437  -0.0287  1.0000  0.0253  -5.2993   0.0000   0.0000   0.0000   0.2116
  -7.500  -0.9840   0.01651   0.01192  -0.0197  1.0000  0.0268  -4.8964   0.0000   0.0000   0.0000   0.2207
  -7.000  -0.9592   0.01471   0.00984  -0.0105  1.0000  0.0306  -4.4810   0.0000   0.0000   0.0000   0.2304
  -6.500  -0.8973   0.01332   0.00823  -0.0074  0.9975  0.0353  -3.9967   0.0000   0.0000   0.0000   0.2337
  -6.000  -0.8122   0.01193   0.00667  -0.0089  0.9930  0.0440  -3.4597   0.0000   0.0000   0.0000   0.2315
  -5.500  -0.7299   0.01091   0.00555  -0.0101  0.9860  0.0569  -2.9492   0.0000   0.0000   0.0000   0.2291
  -5.000  -0.6428   0.00997   0.00463  -0.0126  0.9805  0.0792  -2.4632   0.0000   0.0000   0.0000   0.2237
  -4.500  -0.5688   0.00916   0.00390  -0.0128  0.9669  0.1117  -2.1031   0.0000   0.0000   0.0000   0.2212
  -4.000  -0.5011   0.00844   0.00331  -0.0118  0.9477  0.1566  -1.7897   0.0000   0.0000   0.0000   0.2205
  -3.500  -0.4392   0.00777   0.00279  -0.0098  0.9221  0.2131  -1.5186   0.0000   0.0000   0.0000   0.2220
  -3.000  -0.3775   0.00726   0.00240  -0.0079  0.8899  0.2697  -1.2925   0.0000   0.0000   0.0000   0.2238
  -2.500  -0.3158   0.00685   0.00207  -0.0060  0.8518  0.3295  -1.0945   0.0000   0.0000   0.0000   0.2257
  -2.000  -0.2528   0.00655   0.00183  -0.0046  0.8087  0.3877  -0.9253   0.0000   0.0000   0.0000   0.2267
  -1.500  -0.1898   0.00635   0.00164  -0.0033  0.7616  0.4437  -0.7846   0.0000   0.0000   0.0000   0.2277
  -1.000  -0.1269   0.00622   0.00151  -0.0021  0.7108  0.4991  -0.6683   0.0000   0.0000   0.0000   0.2288
  -0.500  -0.0635   0.00614   0.00144  -0.0010  0.6585  0.5530  -0.5736   0.0000   0.0000   0.0000   0.2295
   0.000  -0.0000   0.00611   0.00142  -0.0000  0.6061  0.6061  -0.4941   0.0000   0.0000   0.0000  -0.1090
   0.500   0.0635   0.00614   0.00144   0.0010  0.5530  0.6585  -0.5736   0.0000   0.0000   0.0000   0.2295
   1.000   0.1269   0.00622   0.00151   0.0021  0.4991  0.7108  -0.6683   0.0000   0.0000   0.0000   0.2288
   1.500   0.1898   0.00635   0.00164   0.0033  0.4437  0.7616  -0.7846   0.0000   0.0000   0.0000   0.2277
   2.000   0.2528   0.00655   0.00183   0.0046  0.3877  0.8087  -0.9253   0.0000   0.0000   0.0000   0.2267
   2.500   0.3158   0.00685   0.00207   0.0060  0.3295  0.8518  -1.0945   0.0000   0.0000   0.0000   0.2257
   3.000   0.3775   0.00726   0.00240   0.0078  0.2697  0.8899  -1.2926   0.0000   0.0000   0.0000   0.2238
   3.500   0.4392   0.00777   0.00279   0.0098  0.2131  0.9221  -1.5187   0.0000   0.0000   0.0000   0.2220
   4.000   0.5012   0.00844   0.00331   0.0118  0.1566  0.9477  -1.7898   0.0000   0.0000   0.0000   0.2205
   4.500   0.5689   0.00916   0.00390   0.0128  0.1117  0.9669  -2.1032   0.0000   0.0000   0.0000   0.2213
   5.000   0.6428   0.00997   0.00463   0.0126  0.0792  0.9805  -2.4634   0.0000   0.0000   0.0000   0.2237
   5.500   0.7300   0.01090   0.00555   0.0101  0.0569  0.9860  -2.9494   0.0000   0.0000   0.0000   0.2292
   6.000   0.8123   0.01193   0.00667   0.0089  0.0440  0.9930  -3.4601   0.0000   0.0000   0.0000   0.2315
   6.500   0.8974   0.01332   0.00823   0.0074  0.0353  0.9975  -3.9972   0.0000   0.0000   0.0000   0.2338
   7.000   0.9590   0.01470   0.00984   0.0105  0.0306  1.0000  -4.4804   0.0000   0.0000   0.0000   0.2304
   7.500   0.9840   0.01651   0.01191   0.0197  0.0268  1.0000  -4.8963   0.0000   0.0000   0.0000   0.2207
   8.000   1.0085   0.01862   0.01437   0.0286  0.0253  1.0000  -5.3000   0.0000   0.0000   0.0000   0.2116
   8.500   1.0204   0.02172   0.01790   0.0378  0.0237  1.0000  -5.6024   0.0000   0.0000   0.0000   0.2022
   9.000   1.0156   0.02611   0.02276   0.0455  0.0225  1.0000  -5.7830   0.0000   0.0000   0.0000   0.1936
   9.500   0.9996   0.03280   0.02991   0.0478  0.0216  1.0000  -5.8596   0.0000   0.0000   0.0000   0.1897
  10.000   0.9747   0.04263   0.04013   0.0430  0.0210  1.0000  -5.8380   0.0000   0.0000   0.0000   0.1925
  10.500   0.9434   0.05523   0.05300   0.0339  0.0206  1.0000  -5.7249   0.0000   0.0000   0.0000   0.1998
  11.000   0.9067   0.06901   0.06696   0.0246  0.0204  1.0000  -5.5274   0.0000   0.0000   0.0000   0.2078
  11.500   0.8662   0.08312   0.08115   0.0163  0.0201  1.0000  -5.2505   0.0000   0.0000   0.0000   0.2157
  12.000   0.8243   0.09754   0.09560   0.0082  0.0198  1.0000  -4.8933   0.0000   0.0000   0.0000   0.2240
  12.500   0.7814   0.11299   0.11107  -0.0004  0.0193  1.0000  -4.4228   0.0000   0.0000   0.0000   0.2343
  13.000   0.7371   0.12997   0.12804  -0.0096  0.0186  1.0000  -3.7734   0.0000   0.0000   0.0000   0.2467
  13.500   0.7186   0.14399   0.14206  -0.0164  0.0176  1.0000  -3.3224   0.0000   0.0000   0.0000   0.2564
  14.000   0.7085   0.15744   0.15551  -0.0229  0.0165  1.0000  -2.8895   0.0000   0.0000   0.0000   0.2657
  14.500   0.7082   0.16915   0.16722  -0.0284  0.0159  1.0000  -2.5847   0.0000   0.0000   0.0000   0.2732
  15.000   0.7158   0.17928   0.17734  -0.0332  0.0150  1.0000  -2.4873   0.0000   0.0000   0.0000   0.2792
  15.500   0.7254   0.18943   0.18748  -0.0381  0.0148  1.0000  -2.4090   0.0000   0.0000   0.0000   0.2849
  16.000   0.7380   0.19900   0.19706  -0.0429  0.0145  1.0000  -2.3699   0.0000   0.0000   0.0000   0.2900
  16.500   0.7537   0.20769   0.20575  -0.0474  0.0139  1.0000  -2.3938   0.0000   0.0000   0.0000   0.2941
  17.000   0.7736   0.21460   0.21266  -0.0512  0.0130  1.0000  -2.5598   0.0000   0.0000   0.0000   0.2965
  17.500   0.7878   0.22412   0.22217  -0.0563  0.0117  1.0000  -2.4997   0.0000   0.0000   0.0000   0.3012
  18.000   0.8024   0.23517   0.23322  -0.0619  0.0106  1.0000  -2.2498   0.0000   0.0000   0.0000   0.3065
  18.500   0.8191   0.24499   0.24305  -0.0670  0.0106  1.0000  -2.1066   0.0000   0.0000   0.0000   0.3106
  19.000   0.8380   0.25347   0.25153  -0.0720  0.0114  1.0000  -2.0462   0.0000   0.0000   0.0000   0.3140
  19.500   0.3573   0.09622   0.09472  -0.0006  0.0124  1.0000  -1.1066   0.0000   0.0000   0.0000   0.2497
  20.000   0.3747   0.10706   0.10555  -0.0052  0.0130  1.0000  -0.9277   0.0000   0.0000   0.0000   0.2611


