xflr5 v6.61

 Calculated polar for: NACA 0008

 1 1 Reynolds number fixed          Mach number fixed         

 xtrf =   1.000 (top)        1.000 (bottom)
 Mach =   0.500     Re =     1.000 e 6     Ncrit =   9.000

  alpha     CL        CD       CDp       Cm    Top Xtr Bot Xtr   Cpmin    Chinge    XCp    
 ------- -------- --------- --------- -------- ------- ------- -------- --------- ---------
 -10.000  -0.6847   0.11190   0.11014   0.0238  1.0000  0.0093  -2.7224   0.0000   0.0000   0.0000   0.2779
  -9.500  -0.6892   0.10109   0.09935   0.0189  1.0000  0.0092  -2.9857   0.0000   0.0000   0.0000   0.2708
  -9.000  -0.6979   0.08995   0.08823   0.0133  1.0000  0.0093  -3.2669   0.0000   0.0000   0.0000   0.2628
  -8.500  -0.7107   0.07816   0.07647   0.0065  1.0000  0.0094  -3.5689   0.0000   0.0000   0.0000   0.2531
  -8.000  -0.7279   0.06500   0.06335  -0.0031  1.0000  0.0096  -3.9010   0.0000   0.0000   0.0000   0.2399
  -7.500  -0.7497   0.04896   0.04720  -0.0198  1.0000  0.0096  -4.2823   0.0000   0.0000   0.0000   0.2180
  -7.000  -0.7740   0.03812   0.03601  -0.0224  1.0000  0.0099  -4.5831   0.0000   0.0000   0.0000   0.2158
  -6.500  -0.7806   0.02758   0.02482  -0.0205  1.0000  0.0107  -4.9272   0.0000   0.0000   0.0000   0.2187
  -6.000  -0.7607   0.01957   0.01592  -0.0157  1.0000  0.0120  -5.0312   0.0000   0.0000   0.0000   0.2245
  -5.500  -0.7215   0.01458   0.01010  -0.0104  1.0000  0.0136  -4.6453   0.0000   0.0000   0.0000   0.2311
  -5.000  -0.6698   0.01213   0.00722  -0.0056  1.0000  0.0157  -3.9870   0.0000   0.0000   0.0000   0.2375
  -4.500  -0.6151   0.01061   0.00541  -0.0014  1.0000  0.0188  -3.4654   0.0000   0.0000   0.0000   0.2441
  -4.000  -0.5603   0.00936   0.00397   0.0024  1.0000  0.0257  -2.9881   0.0000   0.0000   0.0000   0.2510
  -3.500  -0.4927   0.00853   0.00305   0.0034  0.9983  0.0402  -2.4051   0.0000   0.0000   0.0000   0.2539
  -3.000  -0.4064   0.00770   0.00239  -0.0001  0.9930  0.0918  -1.7939   0.0000   0.0000   0.0000   0.2470
  -2.500  -0.3253   0.00670   0.00186  -0.0032  0.9843  0.2173  -1.3533   0.0000   0.0000   0.0000   0.2377
  -2.000  -0.2483   0.00585   0.00151  -0.0054  0.9700  0.3597  -0.9841   0.0000   0.0000   0.0000   0.2257
  -1.500  -0.1783   0.00522   0.00125  -0.0059  0.9450  0.4842  -0.7256   0.0000   0.0000   0.0000   0.2143
  -1.000  -0.1180   0.00480   0.00109  -0.0042  0.9024  0.5910  -0.5446   0.0000   0.0000   0.0000   0.2125
  -0.500  -0.0589   0.00455   0.00098  -0.0021  0.8447  0.6857  -0.4158   0.0000   0.0000   0.0000   0.2121
   0.500   0.0589   0.00455   0.00098   0.0021  0.6857  0.8447  -0.4158   0.0000   0.0000   0.0000   0.2121
   1.000   0.1180   0.00480   0.00109   0.0042  0.5910  0.9024  -0.5446   0.0000   0.0000   0.0000   0.2125
   1.500   0.1783   0.00522   0.00125   0.0059  0.4842  0.9450  -0.7256   0.0000   0.0000   0.0000   0.2143
   2.000   0.2483   0.00585   0.00151   0.0054  0.3597  0.9700  -0.9841   0.0000   0.0000   0.0000   0.2257
   2.500   0.3253   0.00670   0.00186   0.0032  0.2173  0.9843  -1.3533   0.0000   0.0000   0.0000   0.2377
   3.000   0.4064   0.00770   0.00239   0.0001  0.0918  0.9930  -1.7940   0.0000   0.0000   0.0000   0.2470
   3.500   0.4927   0.00853   0.00305  -0.0034  0.0401  0.9983  -2.4052   0.0000   0.0000   0.0000   0.2539
   4.000   0.5602   0.00936   0.00397  -0.0024  0.0257  1.0000  -2.9878   0.0000   0.0000   0.0000   0.2510
   4.500   0.6150   0.01061   0.00541   0.0014  0.0188  1.0000  -3.4651   0.0000   0.0000   0.0000   0.2441
   5.000   0.6698   0.01213   0.00722   0.0056  0.0157  1.0000  -3.9868   0.0000   0.0000   0.0000   0.2375
   5.500   0.7214   0.01458   0.01010   0.0104  0.0136  1.0000  -4.6452   0.0000   0.0000   0.0000   0.2311
   6.000   0.7607   0.01957   0.01592   0.0156  0.0120  1.0000  -5.0313   0.0000   0.0000   0.0000   0.2245
   6.500   0.7807   0.02759   0.02483   0.0204  0.0107  1.0000  -4.9269   0.0000   0.0000   0.0000   0.2187
   7.000   0.7741   0.03814   0.03604   0.0223  0.0099  1.0000  -4.5823   0.0000   0.0000   0.0000   0.2159
   7.500   0.7500   0.04902   0.04726   0.0196  0.0096  1.0000  -4.2806   0.0000   0.0000   0.0000   0.2182
   8.000   0.7285   0.06511   0.06346   0.0028  0.0096  1.0000  -3.8982   0.0000   0.0000   0.0000   0.2403
   8.500   0.7115   0.07826   0.07658  -0.0068  0.0094  1.0000  -3.5660   0.0000   0.0000   0.0000   0.2535
   9.000   0.6989   0.09006   0.08834  -0.0136  0.0093  1.0000  -3.2641   0.0000   0.0000   0.0000   0.2632
   9.500   0.6904   0.10121   0.09947  -0.0192  0.0092  1.0000  -2.9829   0.0000   0.0000   0.0000   0.2712
  10.000   0.6860   0.11202   0.11026  -0.0242  0.0093  1.0000  -2.7199   0.0000   0.0000   0.0000   0.2784
  10.500   0.6849   0.12244   0.12066  -0.0286  0.0097  1.0000  -2.4841   0.0000   0.0000   0.0000   0.2846
  11.000   0.6875   0.13244   0.13065  -0.0327  0.0104  1.0000  -2.2982   0.0000   0.0000   0.0000   0.2901


