xflr5 v6.61

 Calculated polar for: NACA 0008

 1 1 Reynolds number fixed          Mach number fixed         

 xtrf =   1.000 (top)        1.000 (bottom)
 Mach =   0.500     Re =     0.500 e 6     Ncrit =   9.000

  alpha     CL        CD       CDp       Cm    Top Xtr Bot Xtr   Cpmin    Chinge    XCp    
 ------- -------- --------- --------- -------- ------- ------- -------- --------- ---------
 -10.000  -0.6706   0.11477   0.11228   0.0234  1.0000  0.0166  -2.4022   0.0000   0.0000   0.0000   0.2782
  -9.500  -0.6720   0.10452   0.10206   0.0189  1.0000  0.0161  -2.6023   0.0000   0.0000   0.0000   0.2717
  -9.000  -0.6769   0.09382   0.09139   0.0138  1.0000  0.0161  -2.8310   0.0000   0.0000   0.0000   0.2642
  -8.500  -0.6857   0.08254   0.08015   0.0076  1.0000  0.0164  -3.0871   0.0000   0.0000   0.0000   0.2552
  -8.000  -0.6992   0.07020   0.06785  -0.0005  1.0000  0.0166  -3.3793   0.0000   0.0000   0.0000   0.2436
  -7.500  -0.7161   0.05435   0.05198  -0.0161  1.0000  0.0165  -3.7589   0.0000   0.0000   0.0000   0.2221
  -7.000  -0.7421   0.04324   0.04056  -0.0216  1.0000  0.0167  -4.0353   0.0000   0.0000   0.0000   0.2158
  -6.500  -0.7508   0.03320   0.02993  -0.0211  1.0000  0.0175  -4.2810   0.0000   0.0000   0.0000   0.2169
  -6.000  -0.7352   0.02505   0.02090  -0.0175  1.0000  0.0186  -4.3460   0.0000   0.0000   0.0000   0.2215
  -5.500  -0.7006   0.01959   0.01462  -0.0132  1.0000  0.0214  -3.9917   0.0000   0.0000   0.0000   0.2268
  -5.000  -0.6518   0.01578   0.01016  -0.0086  1.0000  0.0241  -3.5541   0.0000   0.0000   0.0000   0.2327
  -4.500  -0.6013   0.01303   0.00698  -0.0040  1.0000  0.0281  -3.2656   0.0000   0.0000   0.0000   0.2397
  -4.000  -0.5472   0.01151   0.00527  -0.0002  1.0000  0.0368  -2.8303   0.0000   0.0000   0.0000   0.2463
  -3.500  -0.4924   0.01027   0.00394   0.0031  1.0000  0.0572  -2.3475   0.0000   0.0000   0.0000   0.2533
  -3.000  -0.4372   0.00919   0.00310   0.0057  1.0000  0.1233  -1.8865   0.0000   0.0000   0.0000   0.2604
  -2.500  -0.3819   0.00808   0.00258   0.0077  1.0000  0.2747  -1.5041   0.0000   0.0000   0.0000   0.2677
  -2.000  -0.3060   0.00714   0.00227   0.0053  0.9946  0.4519  -1.1260   0.0000   0.0000   0.0000   0.2652
  -1.500  -0.2175   0.00638   0.00205   0.0007  0.9826  0.6078  -0.7977   0.0000   0.0000   0.0000   0.2512
  -1.000  -0.1333   0.00581   0.00194  -0.0025  0.9659  0.7320  -0.5641   0.0000   0.0000   0.0000   0.2290
  -0.500  -0.0620   0.00546   0.00189  -0.0025  0.9358  0.8236  -0.4192   0.0000   0.0000   0.0000   0.2081
   0.000  -0.0000   0.00533   0.00188  -0.0000  0.8897  0.8897  -0.3280   0.0000   0.0000   0.0000  -0.2178
   0.500   0.0620   0.00546   0.00189   0.0025  0.8236  0.9358  -0.4192   0.0000   0.0000   0.0000   0.2080
   1.000   0.1333   0.00581   0.00194   0.0025  0.7320  0.9659  -0.5641   0.0000   0.0000   0.0000   0.2290
   1.500   0.2175   0.00638   0.00205  -0.0007  0.6078  0.9827  -0.7977   0.0000   0.0000   0.0000   0.2512
   2.000   0.3060   0.00714   0.00227  -0.0053  0.4519  0.9946  -1.1261   0.0000   0.0000   0.0000   0.2652
   2.500   0.3819   0.00808   0.00257  -0.0077  0.2748  1.0000  -1.5039   0.0000   0.0000   0.0000   0.2677
   3.000   0.4371   0.00919   0.00309  -0.0057  0.1233  1.0000  -1.8863   0.0000   0.0000   0.0000   0.2604
   3.500   0.4924   0.01027   0.00394  -0.0031  0.0573  1.0000  -2.3473   0.0000   0.0000   0.0000   0.2532
   4.000   0.5471   0.01151   0.00527   0.0002  0.0368  1.0000  -2.8302   0.0000   0.0000   0.0000   0.2463
   4.500   0.6012   0.01303   0.00698   0.0040  0.0281  1.0000  -3.2655   0.0000   0.0000   0.0000   0.2397
   5.000   0.6518   0.01577   0.01016   0.0086  0.0241  1.0000  -3.5540   0.0000   0.0000   0.0000   0.2327
   5.500   0.7006   0.01959   0.01462   0.0132  0.0214  1.0000  -3.9917   0.0000   0.0000   0.0000   0.2268
   6.000   0.7353   0.02505   0.02091   0.0175  0.0186  1.0000  -4.3461   0.0000   0.0000   0.0000   0.2215
   6.500   0.7509   0.03321   0.02994   0.0211  0.0175  1.0000  -4.2808   0.0000   0.0000   0.0000   0.2170
   7.000   0.7423   0.04327   0.04059   0.0215  0.0167  1.0000  -4.0346   0.0000   0.0000   0.0000   0.2159
   7.500   0.7165   0.05443   0.05205   0.0159  0.0165  1.0000  -3.7570   0.0000   0.0000   0.0000   0.2223
   8.000   0.6998   0.07029   0.06795   0.0003  0.0166  1.0000  -3.3771   0.0000   0.0000   0.0000   0.2439
   8.500   0.6866   0.08264   0.08025  -0.0079  0.0164  1.0000  -3.0850   0.0000   0.0000   0.0000   0.2556
   9.000   0.6780   0.09393   0.09150  -0.0141  0.0161  1.0000  -2.8291   0.0000   0.0000   0.0000   0.2646
   9.500   0.6733   0.10463   0.10216  -0.0192  0.0161  1.0000  -2.6007   0.0000   0.0000   0.0000   0.2721
  10.000   0.6719   0.11487   0.11239  -0.0237  0.0166  1.0000  -2.4012   0.0000   0.0000   0.0000   0.2786
  10.500   0.6742   0.12443   0.12192  -0.0274  0.0176  1.0000  -2.2694   0.0000   0.0000   0.0000   0.2836


