xflr5 v6.61

 Calculated polar for: NACA 0008

 1 1 Reynolds number fixed          Mach number fixed         

 xtrf =   1.000 (top)        1.000 (bottom)
 Mach =   0.300     Re =     0.500 e 6     Ncrit =   9.000

  alpha     CL        CD       CDp       Cm    Top Xtr Bot Xtr   Cpmin    Chinge    XCp    
 ------- -------- --------- --------- -------- ------- ------- -------- --------- ---------
 -10.000  -0.7016   0.10146   0.09913   0.0167  1.0000  0.0174  -2.7449   0.0000   0.0000   0.0000   0.2672
  -9.500  -0.7164   0.08903   0.08674   0.0103  1.0000  0.0156  -3.0493   0.0000   0.0000   0.0000   0.2580
  -9.000  -0.7851   0.05647   0.05409  -0.0154  1.0000  0.0129  -4.6614   0.0000   0.0000   0.0000   0.2236
  -8.500  -0.8153   0.04551   0.04270  -0.0187  1.0000  0.0125  -5.0173   0.0000   0.0000   0.0000   0.2207
  -8.000  -0.8219   0.03632   0.03286  -0.0173  1.0000  0.0123  -5.2097   0.0000   0.0000   0.0000   0.2229
  -7.500  -0.8184   0.02633   0.02180  -0.0138  1.0000  0.0128  -5.4942   0.0000   0.0000   0.0000   0.2273
  -7.000  -0.7819   0.02182   0.01668  -0.0111  1.0000  0.0147  -5.1686   0.0000   0.0000   0.0000   0.2305
  -6.500  -0.7358   0.01864   0.01299  -0.0085  1.0000  0.0172  -4.7390   0.0000   0.0000   0.0000   0.2334
  -6.000  -0.6856   0.01643   0.01040  -0.0062  1.0000  0.0188  -4.2109   0.0000   0.0000   0.0000   0.2363
  -5.500  -0.6393   0.01384   0.00759  -0.0037  1.0000  0.0231  -3.7093   0.0000   0.0000   0.0000   0.2401
  -5.000  -0.5901   0.01223   0.00575  -0.0012  1.0000  0.0280  -3.1932   0.0000   0.0000   0.0000   0.2442
  -4.500  -0.5398   0.01113   0.00456   0.0010  1.0000  0.0365  -2.7927   0.0000   0.0000   0.0000   0.2483
  -4.000  -0.4896   0.01007   0.00354   0.0030  1.0000  0.0582  -2.4022   0.0000   0.0000   0.0000   0.2529
  -3.500  -0.4396   0.00905   0.00282   0.0047  1.0000  0.1241  -2.0017   0.0000   0.0000   0.0000   0.2579
  -3.000  -0.3899   0.00798   0.00231   0.0062  1.0000  0.2669  -1.6091   0.0000   0.0000   0.0000   0.2632
  -2.500  -0.3389   0.00713   0.00204   0.0074  1.0000  0.4185  -1.2870   0.0000   0.0000   0.0000   0.2694
  -2.000  -0.2866   0.00649   0.00193   0.0084  1.0000  0.5564  -1.0130   0.0000   0.0000   0.0000   0.2774
  -1.500  -0.2155   0.00592   0.00186   0.0058  0.9938  0.6945  -0.7401   0.0000   0.0000   0.0000   0.2749
  -1.000  -0.1378   0.00549   0.00185   0.0022  0.9819  0.8086  -0.5230   0.0000   0.0000   0.0000   0.2642
  -0.500  -0.0645   0.00527   0.00187   0.0000  0.9647  0.8851  -0.3819   0.0000   0.0000   0.0000   0.2484
   0.000   0.0000   0.00522   0.00189   0.0000  0.9335  0.9335  -0.2934   0.0000   0.0000   0.0000   0.0496
   0.500   0.0645   0.00527   0.00187  -0.0000  0.8851  0.9647  -0.3819   0.0000   0.0000   0.0000   0.2484
   1.000   0.1378   0.00549   0.00185  -0.0022  0.8086  0.9819  -0.5230   0.0000   0.0000   0.0000   0.2642
   1.500   0.2155   0.00592   0.00186  -0.0058  0.6945  0.9938  -0.7401   0.0000   0.0000   0.0000   0.2749
   2.000   0.2865   0.00649   0.00193  -0.0084  0.5565  1.0000  -1.0129   0.0000   0.0000   0.0000   0.2773
   2.500   0.3388   0.00713   0.00204  -0.0073  0.4185  1.0000  -1.2868   0.0000   0.0000   0.0000   0.2693
   3.000   0.3898   0.00798   0.00231  -0.0061  0.2669  1.0000  -1.6089   0.0000   0.0000   0.0000   0.2632
   3.500   0.4395   0.00905   0.00282  -0.0047  0.1242  1.0000  -2.0015   0.0000   0.0000   0.0000   0.2579
   4.000   0.4896   0.01007   0.00354  -0.0030  0.0582  1.0000  -2.4020   0.0000   0.0000   0.0000   0.2529
   4.500   0.5398   0.01113   0.00456  -0.0009  0.0365  1.0000  -2.7926   0.0000   0.0000   0.0000   0.2483
   5.000   0.5901   0.01223   0.00575   0.0012  0.0280  1.0000  -3.1930   0.0000   0.0000   0.0000   0.2442
   5.500   0.6393   0.01384   0.00759   0.0037  0.0231  1.0000  -3.7092   0.0000   0.0000   0.0000   0.2401
   6.000   0.6856   0.01643   0.01040   0.0062  0.0188  1.0000  -4.2109   0.0000   0.0000   0.0000   0.2363
   6.500   0.7358   0.01864   0.01299   0.0085  0.0172  1.0000  -4.7391   0.0000   0.0000   0.0000   0.2334
   7.000   0.7819   0.02182   0.01668   0.0110  0.0147  1.0000  -5.1688   0.0000   0.0000   0.0000   0.2305
   7.500   0.8185   0.02633   0.02180   0.0138  0.0128  1.0000  -5.4942   0.0000   0.0000   0.0000   0.2273
   8.000   0.8220   0.03633   0.03287   0.0173  0.0123  1.0000  -5.2093   0.0000   0.0000   0.0000   0.2229
   8.500   0.8155   0.04554   0.04273   0.0187  0.0125  1.0000  -5.0167   0.0000   0.0000   0.0000   0.2208
   9.000   0.7852   0.05665   0.05428   0.0151  0.0129  1.0000  -4.6505   0.0000   0.0000   0.0000   0.2240
   9.500   0.7171   0.08920   0.08690  -0.0107  0.0156  1.0000  -3.0435   0.0000   0.0000   0.0000   0.2585
  10.000   0.7028   0.10156   0.09922  -0.0170  0.0175  1.0000  -2.7455   0.0000   0.0000   0.0000   0.2675


