xflr5 v6.61

 Calculated polar for: NACA 0015

 1 1 Reynolds number fixed          Mach number fixed         

 xtrf =   1.000 (top)        1.000 (bottom)
 Mach =   0.500     Re =     1.000 e 6     Ncrit =   9.000

  alpha     CL        CD       CDp       Cm    Top Xtr Bot Xtr   Cpmin    Chinge    XCp    
 ------- -------- --------- --------- -------- ------- ------- -------- --------- ---------
 -10.000  -1.1049   0.02517   0.02107  -0.0538  1.0000  0.0377  -5.3118   0.0000   0.0000   0.0000   0.1852
  -9.500  -1.0928   0.02136   0.01701  -0.0492  1.0000  0.0404  -5.0380   0.0000   0.0000   0.0000   0.1899
  -9.000  -1.0727   0.01889   0.01433  -0.0427  1.0000  0.0438  -4.7221   0.0000   0.0000   0.0000   0.1961
  -8.500  -1.0604   0.01744   0.01270  -0.0328  1.0000  0.0469  -4.4332   0.0000   0.0000   0.0000   0.2058
  -8.000  -1.0510   0.01600   0.01111  -0.0222  0.9972  0.0515  -4.1768   0.0000   0.0000   0.0000   0.2165
  -7.500  -0.9694   0.01455   0.00947  -0.0231  0.9916  0.0592  -3.7310   0.0000   0.0000   0.0000   0.2144
  -7.000  -0.8912   0.01317   0.00800  -0.0236  0.9839  0.0713  -3.3195   0.0000   0.0000   0.0000   0.2123
  -6.500  -0.8145   0.01208   0.00688  -0.0238  0.9739  0.0868  -2.9317   0.0000   0.0000   0.0000   0.2101
  -6.000  -0.7467   0.01114   0.00593  -0.0223  0.9582  0.1063  -2.5953   0.0000   0.0000   0.0000   0.2099
  -5.500  -0.6872   0.01034   0.00515  -0.0193  0.9362  0.1304  -2.3278   0.0000   0.0000   0.0000   0.2122
  -5.000  -0.6277   0.00970   0.00451  -0.0163  0.9105  0.1577  -2.0731   0.0000   0.0000   0.0000   0.2148
  -4.500  -0.5682   0.00909   0.00393  -0.0135  0.8813  0.1913  -1.8404   0.0000   0.0000   0.0000   0.2173
  -4.000  -0.5069   0.00862   0.00345  -0.0112  0.8491  0.2264  -1.6344   0.0000   0.0000   0.0000   0.2194
  -3.500  -0.4446   0.00821   0.00305  -0.0092  0.8136  0.2645  -1.4444   0.0000   0.0000   0.0000   0.2210
  -3.000  -0.3824   0.00788   0.00271  -0.0074  0.7748  0.3038  -1.2766   0.0000   0.0000   0.0000   0.2227
  -2.500  -0.3188   0.00765   0.00247  -0.0059  0.7358  0.3409  -1.1294   0.0000   0.0000   0.0000   0.2237
  -2.000  -0.2557   0.00743   0.00226  -0.0045  0.6953  0.3810  -1.0003   0.0000   0.0000   0.0000   0.2248
  -1.500  -0.1921   0.00733   0.00210  -0.0032  0.6541  0.4192  -0.8869   0.0000   0.0000   0.0000   0.2258
  -1.000  -0.1280   0.00721   0.00200  -0.0021  0.6152  0.4578  -0.7873   0.0000   0.0000   0.0000   0.2259
  -0.500  -0.0642   0.00715   0.00193  -0.0010  0.5750  0.4972  -0.7002   0.0000   0.0000   0.0000   0.2268
   0.000  -0.0000   0.00716   0.00192  -0.0000  0.5351  0.5351  -0.6232   0.0000   0.0000   0.0000  -0.0110
   0.500   0.0642   0.00715   0.00193   0.0010  0.4972  0.5749  -0.7002   0.0000   0.0000   0.0000   0.2268
   1.000   0.1280   0.00721   0.00200   0.0021  0.4578  0.6152  -0.7873   0.0000   0.0000   0.0000   0.2260
   1.500   0.1922   0.00733   0.00210   0.0032  0.4192  0.6541  -0.8869   0.0000   0.0000   0.0000   0.2258
   2.000   0.2557   0.00743   0.00226   0.0045  0.3810  0.6953  -1.0003   0.0000   0.0000   0.0000   0.2248
   2.500   0.3188   0.00765   0.00247   0.0059  0.3409  0.7358  -1.1295   0.0000   0.0000   0.0000   0.2237
   3.000   0.3825   0.00788   0.00271   0.0074  0.3038  0.7748  -1.2767   0.0000   0.0000   0.0000   0.2227
   3.500   0.4446   0.00821   0.00305   0.0092  0.2645  0.8136  -1.4445   0.0000   0.0000   0.0000   0.2210
   4.000   0.5069   0.00862   0.00345   0.0112  0.2263  0.8491  -1.6346   0.0000   0.0000   0.0000   0.2194
   4.500   0.5683   0.00909   0.00393   0.0135  0.1913  0.8813  -1.8406   0.0000   0.0000   0.0000   0.2174
   5.000   0.6278   0.00970   0.00451   0.0163  0.1577  0.9105  -2.0733   0.0000   0.0000   0.0000   0.2148
   5.500   0.6873   0.01034   0.00515   0.0193  0.1303  0.9362  -2.3281   0.0000   0.0000   0.0000   0.2122
   6.000   0.7469   0.01114   0.00593   0.0223  0.1063  0.9582  -2.5957   0.0000   0.0000   0.0000   0.2100
   6.500   0.8147   0.01208   0.00688   0.0238  0.0868  0.9740  -2.9322   0.0000   0.0000   0.0000   0.2101
   7.000   0.8915   0.01317   0.00800   0.0236  0.0712  0.9839  -3.3203   0.0000   0.0000   0.0000   0.2124
   7.500   0.9698   0.01455   0.00947   0.0230  0.0591  0.9917  -3.7319   0.0000   0.0000   0.0000   0.2145
   8.000   1.0515   0.01600   0.01111   0.0221  0.0515  0.9972  -4.1782   0.0000   0.0000   0.0000   0.2166
   8.500   1.0607   0.01744   0.01269   0.0328  0.0469  1.0000  -4.4343   0.0000   0.0000   0.0000   0.2059
   9.000   1.0733   0.01889   0.01432   0.0426  0.0437  1.0000  -4.7245   0.0000   0.0000   0.0000   0.1962
   9.500   1.0938   0.02135   0.01701   0.0491  0.0404  1.0000  -5.0418   0.0000   0.0000   0.0000   0.1900
  10.000   1.1060   0.02518   0.02108   0.0536  0.0377  1.0000  -5.3159   0.0000   0.0000   0.0000   0.1854
  10.500   1.1028   0.03106   0.02728   0.0556  0.0360  1.0000  -5.4862   0.0000   0.0000   0.0000   0.1824
  11.000   1.0977   0.03807   0.03463   0.0552  0.0348  1.0000  -5.6295   0.0000   0.0000   0.0000   0.1814
  11.500   1.0796   0.04677   0.04363   0.0528  0.0337  1.0000  -5.6804   0.0000   0.0000   0.0000   0.1816
  12.000   1.0518   0.05687   0.05398   0.0487  0.0328  1.0000  -5.6550   0.0000   0.0000   0.0000   0.1830
  12.500   1.0173   0.06798   0.06530   0.0436  0.0321  1.0000  -5.5675   0.0000   0.0000   0.0000   0.1854
  13.000   0.9800   0.07995   0.07745   0.0375  0.0314  1.0000  -5.4327   0.0000   0.0000   0.0000   0.1890
  13.500   0.9410   0.09259   0.09022   0.0308  0.0307  1.0000  -5.2529   0.0000   0.0000   0.0000   0.1936
  14.000   0.9016   0.10597   0.10372   0.0233  0.0301  1.0000  -5.0270   0.0000   0.0000   0.0000   0.1997
  14.500   0.8621   0.11986   0.11770   0.0154  0.0293  1.0000  -4.7497   0.0000   0.0000   0.0000   0.2070
  15.000   0.8235   0.13461   0.13251   0.0067  0.0284  1.0000  -4.4085   0.0000   0.0000   0.0000   0.2161
  15.500   0.7643   0.15414   0.15207  -0.0051  0.0267  1.0000  -3.7300   0.0000   0.0000   0.0000   0.2310
  16.000   0.7339   0.17064   0.16858  -0.0142  0.0242  1.0000  -3.2473   0.0000   0.0000   0.0000   0.2436
  16.500   0.7257   0.18407   0.18201  -0.0213  0.0223  1.0000  -2.9603   0.0000   0.0000   0.0000   0.2534
  17.000   0.7331   0.19426   0.19222  -0.0268  0.0212  1.0000  -2.8748   0.0000   0.0000   0.0000   0.2600
  17.500   0.7474   0.20270   0.20066  -0.0315  0.0202  1.0000  -2.9004   0.0000   0.0000   0.0000   0.2649
  18.000   0.7568   0.21247   0.21042  -0.0371  0.0188  1.0000  -2.8217   0.0000   0.0000   0.0000   0.2711
  18.500   0.7685   0.22309   0.22105  -0.0427  0.0176  1.0000  -2.6467   0.0000   0.0000   0.0000   0.2772
  19.000   0.7786   0.23469   0.23265  -0.0488  0.0165  1.0000  -2.3736   0.0000   0.0000   0.0000   0.2839
  19.500   0.7938   0.24444   0.24240  -0.0545  0.0158  1.0000  -2.2350   0.0000   0.0000   0.0000   0.2893
  20.000   0.8113   0.25340   0.25136  -0.0601  0.0156  1.0000  -2.2101   0.0000   0.0000   0.0000   0.2940


