xflr5 v6.61

 Calculated polar for: NACA 0012

 1 1 Reynolds number fixed          Mach number fixed         

 xtrf =   1.000 (top)        1.000 (bottom)
 Mach =   0.500     Re =     0.500 e 6     Ncrit =   9.000

  alpha     CL        CD       CDp       Cm    Top Xtr Bot Xtr   Cpmin    Chinge    XCp    
 ------- -------- --------- --------- -------- ------- ------- -------- --------- ---------
 -10.000  -0.8659   0.05530   0.05230  -0.0352  1.0000  0.0304  -4.7680   0.0000   0.0000   0.0000   0.1960
  -9.500  -0.8986   0.04317   0.03983  -0.0437  1.0000  0.0310  -4.8976   0.0000   0.0000   0.0000   0.1888
  -9.000  -0.9232   0.03422   0.03045  -0.0466  1.0000  0.0319  -4.9237   0.0000   0.0000   0.0000   0.1879
  -8.500  -0.9358   0.02820   0.02392  -0.0432  1.0000  0.0337  -4.8386   0.0000   0.0000   0.0000   0.1931
  -8.000  -0.9327   0.02427   0.01948  -0.0357  1.0000  0.0361  -4.6353   0.0000   0.0000   0.0000   0.2018
  -7.500  -0.9241   0.02075   0.01553  -0.0270  1.0000  0.0387  -4.3889   0.0000   0.0000   0.0000   0.2115
  -7.000  -0.8984   0.01854   0.01304  -0.0189  1.0000  0.0426  -4.0585   0.0000   0.0000   0.0000   0.2203
  -6.500  -0.8665   0.01686   0.01107  -0.0111  1.0000  0.0471  -3.7603   0.0000   0.0000   0.0000   0.2291
  -6.000  -0.8367   0.01522   0.00930  -0.0033  1.0000  0.0547  -3.4570   0.0000   0.0000   0.0000   0.2386
  -5.500  -0.7987   0.01404   0.00801   0.0032  1.0000  0.0658  -3.1219   0.0000   0.0000   0.0000   0.2471
  -5.000  -0.7108   0.01276   0.00661   0.0004  0.9936  0.0878  -2.6389   0.0000   0.0000   0.0000   0.2440
  -4.500  -0.6240   0.01154   0.00552  -0.0027  0.9846  0.1308  -2.2224   0.0000   0.0000   0.0000   0.2395
  -4.000  -0.5358   0.01049   0.00469  -0.0063  0.9755  0.1950  -1.8596   0.0000   0.0000   0.0000   0.2323
  -3.500  -0.4477   0.00954   0.00399  -0.0100  0.9651  0.2722  -1.5304   0.0000   0.0000   0.0000   0.2219
  -3.000  -0.3723   0.00879   0.00348  -0.0110  0.9467  0.3447  -1.2809   0.0000   0.0000   0.0000   0.2149
  -2.500  -0.3053   0.00819   0.00308  -0.0101  0.9216  0.4116  -1.0785   0.0000   0.0000   0.0000   0.2115
  -2.000  -0.2437   0.00774   0.00278  -0.0081  0.8878  0.4730  -0.9139   0.0000   0.0000   0.0000   0.2115
  -1.500  -0.1824   0.00741   0.00251  -0.0060  0.8494  0.5323  -0.7767   0.0000   0.0000   0.0000   0.2119
  -1.000  -0.1217   0.00718   0.00234  -0.0040  0.8035  0.5899  -0.6641   0.0000   0.0000   0.0000   0.2125
  -0.500  -0.0608   0.00704   0.00224  -0.0020  0.7538  0.6463  -0.5716   0.0000   0.0000   0.0000   0.2128
   0.000   0.0000   0.00700   0.00220   0.0000  0.7012  0.7012  -0.4941   0.0000   0.0000   0.0000  -0.0860
   0.500   0.0608   0.00704   0.00224   0.0020  0.6463  0.7538  -0.5716   0.0000   0.0000   0.0000   0.2128
   1.000   0.1217   0.00718   0.00234   0.0040  0.5899  0.8035  -0.6641   0.0000   0.0000   0.0000   0.2125
   1.500   0.1824   0.00741   0.00251   0.0060  0.5323  0.8494  -0.7767   0.0000   0.0000   0.0000   0.2119
   2.000   0.2437   0.00774   0.00278   0.0081  0.4730  0.8878  -0.9139   0.0000   0.0000   0.0000   0.2115
   2.500   0.3053   0.00819   0.00308   0.0101  0.4116  0.9216  -1.0785   0.0000   0.0000   0.0000   0.2115
   3.000   0.3723   0.00879   0.00348   0.0110  0.3447  0.9467  -1.2809   0.0000   0.0000   0.0000   0.2149
   3.500   0.4477   0.00954   0.00399   0.0100  0.2722  0.9651  -1.5305   0.0000   0.0000   0.0000   0.2219
   4.000   0.5358   0.01049   0.00469   0.0063  0.1950  0.9756  -1.8596   0.0000   0.0000   0.0000   0.2323
   4.500   0.6240   0.01154   0.00552   0.0027  0.1307  0.9847  -2.2226   0.0000   0.0000   0.0000   0.2395
   5.000   0.7109   0.01276   0.00661  -0.0004  0.0878  0.9937  -2.6392   0.0000   0.0000   0.0000   0.2440
   5.500   0.7986   0.01404   0.00801  -0.0032  0.0659  1.0000  -3.1214   0.0000   0.0000   0.0000   0.2470
   6.000   0.8365   0.01522   0.00929   0.0034  0.0547  1.0000  -3.4565   0.0000   0.0000   0.0000   0.2385
   6.500   0.8664   0.01685   0.01106   0.0111  0.0471  1.0000  -3.7600   0.0000   0.0000   0.0000   0.2291
   7.000   0.8984   0.01853   0.01303   0.0189  0.0426  1.0000  -4.0585   0.0000   0.0000   0.0000   0.2203
   7.500   0.9242   0.02075   0.01553   0.0270  0.0387  1.0000  -4.3894   0.0000   0.0000   0.0000   0.2115
   8.000   0.9331   0.02428   0.01949   0.0356  0.0361  1.0000  -4.6369   0.0000   0.0000   0.0000   0.2018
   8.500   0.9363   0.02821   0.02394   0.0431  0.0337  1.0000  -4.8404   0.0000   0.0000   0.0000   0.1933
   9.000   0.9239   0.03426   0.03049   0.0465  0.0319  1.0000  -4.9252   0.0000   0.0000   0.0000   0.1881
   9.500   0.8993   0.04323   0.03990   0.0435  0.0310  1.0000  -4.8987   0.0000   0.0000   0.0000   0.1891
  10.000   0.8668   0.05542   0.05243   0.0348  0.0304  1.0000  -4.7681   0.0000   0.0000   0.0000   0.1964
  10.500   0.8258   0.07009   0.06730   0.0243  0.0301  1.0000  -4.5126   0.0000   0.0000   0.0000   0.2066
  11.000   0.7756   0.08663   0.08396   0.0138  0.0298  1.0000  -4.0953   0.0000   0.0000   0.0000   0.2178
  11.500   0.7293   0.10301   0.10036   0.0049  0.0292  1.0000  -3.6172   0.0000   0.0000   0.0000   0.2286
  12.000   0.7076   0.11601   0.11334  -0.0016  0.0283  1.0000  -3.3502   0.0000   0.0000   0.0000   0.2374
  12.500   0.6952   0.12755   0.12486  -0.0072  0.0273  1.0000  -3.1609   0.0000   0.0000   0.0000   0.2451
  13.000   0.6824   0.14071   0.13800  -0.0135  0.0264  1.0000  -2.8302   0.0000   0.0000   0.0000   0.2542
  13.500   0.6793   0.15301   0.15029  -0.0192  0.0253  1.0000  -2.5335   0.0000   0.0000   0.0000   0.2626
  14.000   0.6816   0.16425   0.16153  -0.0244  0.0247  1.0000  -2.2924   0.0000   0.0000   0.0000   0.2698
  14.500   0.6890   0.17438   0.17165  -0.0290  0.0251  1.0000  -2.1295   0.0000   0.0000   0.0000   0.2757
  15.000   0.7012   0.18323   0.18049  -0.0326  0.0263  1.0000  -2.1424   0.0000   0.0000   0.0000   0.2796
  15.500   0.7098   0.19511   0.19239  -0.0388  0.0293  1.0000  -1.9375   0.0000   0.0000   0.0000   0.2876


