xflr5 v6.61

 Calculated polar for: NACA 0015

 1 1 Reynolds number fixed          Mach number fixed         

 xtrf =   1.000 (top)        1.000 (bottom)
 Mach =   0.500     Re =     2.000 e 6     Ncrit =   9.000

  alpha     CL        CD       CDp       Cm    Top Xtr Bot Xtr   Cpmin    Chinge    XCp    
 ------- -------- --------- --------- -------- ------- ------- -------- --------- ---------
 -10.000  -1.2100   0.01874   0.01499  -0.0500  1.0000  0.0290  -5.9443   0.0000   0.0000   0.0000   0.1930
  -9.500  -1.1869   0.01656   0.01260  -0.0424  1.0000  0.0312  -5.5651   0.0000   0.0000   0.0000   0.1995
  -9.000  -1.1739   0.01529   0.01117  -0.0315  0.9993  0.0335  -5.2326   0.0000   0.0000   0.0000   0.2093
  -8.500  -1.0994   0.01388   0.00955  -0.0303  0.9941  0.0365  -4.6630   0.0000   0.0000   0.0000   0.2093
  -8.000  -1.0269   0.01252   0.00808  -0.0290  0.9867  0.0439  -4.1574   0.0000   0.0000   0.0000   0.2094
  -7.500  -0.9566   0.01159   0.00702  -0.0270  0.9745  0.0502  -3.7333   0.0000   0.0000   0.0000   0.2100
  -7.000  -0.8955   0.01080   0.00617  -0.0235  0.9554  0.0584  -3.3571   0.0000   0.0000   0.0000   0.2127
  -6.500  -0.8364   0.01011   0.00540  -0.0197  0.9322  0.0698  -3.0082   0.0000   0.0000   0.0000   0.2159
  -6.000  -0.7757   0.00950   0.00473  -0.0165  0.9058  0.0846  -2.6744   0.0000   0.0000   0.0000   0.2188
  -5.500  -0.7132   0.00898   0.00414  -0.0137  0.8760  0.1014  -2.3896   0.0000   0.0000   0.0000   0.2212
  -5.000  -0.6497   0.00850   0.00362  -0.0115  0.8445  0.1230  -2.1224   0.0000   0.0000   0.0000   0.2232
  -4.500  -0.5867   0.00803   0.00314  -0.0094  0.8089  0.1515  -1.8747   0.0000   0.0000   0.0000   0.2253
  -4.000  -0.5226   0.00770   0.00276  -0.0076  0.7701  0.1802  -1.6622   0.0000   0.0000   0.0000   0.2270
  -3.500  -0.4583   0.00734   0.00242  -0.0061  0.7336  0.2143  -1.4649   0.0000   0.0000   0.0000   0.2285
  -3.000  -0.3937   0.00708   0.00215  -0.0048  0.6937  0.2497  -1.2927   0.0000   0.0000   0.0000   0.2299
  -2.500  -0.3289   0.00686   0.00193  -0.0037  0.6531  0.2859  -1.1418   0.0000   0.0000   0.0000   0.2312
  -2.000  -0.2631   0.00669   0.00176  -0.0028  0.6161  0.3210  -1.0082   0.0000   0.0000   0.0000   0.2319
  -1.500  -0.1978   0.00655   0.00162  -0.0020  0.5778  0.3586  -0.8922   0.0000   0.0000   0.0000   0.2328
  -1.000  -0.1320   0.00649   0.00154  -0.0012  0.5383  0.3931  -0.7907   0.0000   0.0000   0.0000   0.2334
  -0.500  -0.0659   0.00642   0.00149  -0.0006  0.5033  0.4300  -0.7015   0.0000   0.0000   0.0000   0.2333
   0.000  -0.0000   0.00639   0.00148  -0.0000  0.4674  0.4674  -0.6232   0.0000   0.0000   0.0000  -0.0601
   0.500   0.0659   0.00642   0.00149   0.0006  0.4300  0.5033  -0.7015   0.0000   0.0000   0.0000   0.2333
   1.000   0.1320   0.00649   0.00154   0.0012  0.3931  0.5383  -0.7907   0.0000   0.0000   0.0000   0.2334
   1.500   0.1978   0.00655   0.00162   0.0020  0.3586  0.5778  -0.8922   0.0000   0.0000   0.0000   0.2328
   2.000   0.2631   0.00669   0.00176   0.0028  0.3210  0.6161  -1.0082   0.0000   0.0000   0.0000   0.2319
   2.500   0.3290   0.00686   0.00193   0.0037  0.2859  0.6531  -1.1419   0.0000   0.0000   0.0000   0.2312
   3.000   0.3937   0.00708   0.00215   0.0048  0.2497  0.6937  -1.2928   0.0000   0.0000   0.0000   0.2299
   3.500   0.4584   0.00734   0.00242   0.0061  0.2143  0.7336  -1.4649   0.0000   0.0000   0.0000   0.2286
   4.000   0.5227   0.00770   0.00276   0.0076  0.1802  0.7701  -1.6623   0.0000   0.0000   0.0000   0.2270
   4.500   0.5867   0.00803   0.00314   0.0094  0.1515  0.8089  -1.8749   0.0000   0.0000   0.0000   0.2253
   5.000   0.6498   0.00850   0.00362   0.0115  0.1230  0.8445  -2.1226   0.0000   0.0000   0.0000   0.2232
   5.500   0.7134   0.00898   0.00414   0.0137  0.1014  0.8760  -2.3899   0.0000   0.0000   0.0000   0.2212
   6.000   0.7758   0.00950   0.00473   0.0164  0.0846  0.9057  -2.6748   0.0000   0.0000   0.0000   0.2188
   6.500   0.8366   0.01011   0.00540   0.0197  0.0697  0.9322  -3.0089   0.0000   0.0000   0.0000   0.2160
   7.000   0.8958   0.01080   0.00617   0.0234  0.0584  0.9554  -3.3579   0.0000   0.0000   0.0000   0.2127
   7.500   0.9570   0.01159   0.00702   0.0270  0.0502  0.9744  -3.7342   0.0000   0.0000   0.0000   0.2101
   8.000   1.0273   0.01252   0.00808   0.0289  0.0439  0.9867  -4.1586   0.0000   0.0000   0.0000   0.2094
   8.500   1.0999   0.01388   0.00955   0.0303  0.0365  0.9941  -4.6648   0.0000   0.0000   0.0000   0.2094
   9.000   1.1746   0.01529   0.01117   0.0314  0.0334  0.9994  -5.2356   0.0000   0.0000   0.0000   0.2094
   9.500   1.1875   0.01656   0.01259   0.0423  0.0312  1.0000  -5.5677   0.0000   0.0000   0.0000   0.1996
  10.000   1.2110   0.01874   0.01499   0.0498  0.0289  1.0000  -5.9485   0.0000   0.0000   0.0000   0.1931
  10.500   1.2206   0.02253   0.01909   0.0557  0.0271  1.0000  -6.2352   0.0000   0.0000   0.0000   0.1876
  11.000   1.2241   0.02777   0.02465   0.0587  0.0264  1.0000  -6.4766   0.0000   0.0000   0.0000   0.1841
  11.500   1.2136   0.03511   0.03232   0.0586  0.0257  1.0000  -6.6135   0.0000   0.0000   0.0000   0.1825
  12.000   1.1891   0.04443   0.04192   0.0558  0.0252  1.0000  -6.6415   0.0000   0.0000   0.0000   0.1826
  12.500   1.1551   0.05507   0.05279   0.0515  0.0247  1.0000  -6.5902   0.0000   0.0000   0.0000   0.1838
  13.000   1.1152   0.06646   0.06436   0.0464  0.0242  1.0000  -6.4813   0.0000   0.0000   0.0000   0.1858
  13.500   1.0742   0.07846   0.07650   0.0404  0.0238  1.0000  -6.3351   0.0000   0.0000   0.0000   0.1887
  14.000   1.0341   0.09067   0.08883   0.0341  0.0232  1.0000  -6.1683   0.0000   0.0000   0.0000   0.1923
  14.500   0.9988   0.10297   0.10121   0.0274  0.0225  1.0000  -6.0062   0.0000   0.0000   0.0000   0.1969
  15.000   0.9636   0.11561   0.11392   0.0203  0.0219  1.0000  -5.8006   0.0000   0.0000   0.0000   0.2024
  15.500   0.9316   0.12840   0.12678   0.0129  0.0212  1.0000  -5.5983   0.0000   0.0000   0.0000   0.2090
  16.000   0.9016   0.14168   0.14010   0.0048  0.0206  1.0000  -5.3691   0.0000   0.0000   0.0000   0.2167
  16.500   0.8692   0.15604   0.15450  -0.0042  0.0196  1.0000  -5.0370   0.0000   0.0000   0.0000   0.2265
  17.000   0.8172   0.17516   0.17367  -0.0165  0.0185  1.0000  -4.3227   0.0000   0.0000   0.0000   0.2419
  17.500   0.7929   0.19133   0.18986  -0.0261  0.0174  1.0000  -3.8140   0.0000   0.0000   0.0000   0.2546
  18.000   0.7879   0.20453   0.20307  -0.0336  0.0159  1.0000  -3.4982   0.0000   0.0000   0.0000   0.2640
  18.500   0.7960   0.21501   0.21356  -0.0395  0.0144  1.0000  -3.3765   0.0000   0.0000   0.0000   0.2705
  19.000   0.8118   0.22344   0.22199  -0.0445  0.0133  1.0000  -3.4100   0.0000   0.0000   0.0000   0.2748
  19.500   0.8162   0.23579   0.23433  -0.0516  0.0120  1.0000  -3.0884   0.0000   0.0000   0.0000   0.2828
  20.000   0.8312   0.24508   0.24362  -0.0573  0.0115  1.0000  -2.9623   0.0000   0.0000   0.0000   0.2879


