xflr5 v6.61

 Calculated polar for: NACA 0012

 1 1 Reynolds number fixed          Mach number fixed         

 xtrf =   1.000 (top)        1.000 (bottom)
 Mach =   0.300     Re =     1.000 e 6     Ncrit =   9.000

  alpha     CL        CD       CDp       Cm    Top Xtr Bot Xtr   Cpmin    Chinge    XCp    
 ------- -------- --------- --------- -------- ------- ------- -------- --------- ---------
 -10.000  -1.1180   0.01850   0.01343  -0.0189  1.0000  0.0194  -6.2289   0.0000   0.0000   0.0000   0.2215
  -9.500  -1.0851   0.01647   0.01118  -0.0142  1.0000  0.0216  -5.8371   0.0000   0.0000   0.0000   0.2260
  -9.000  -1.0425   0.01531   0.00990  -0.0105  1.0000  0.0239  -5.3748   0.0000   0.0000   0.0000   0.2297
  -8.500  -0.9991   0.01440   0.00887  -0.0067  1.0000  0.0262  -4.9208   0.0000   0.0000   0.0000   0.2336
  -8.000  -0.9591   0.01334   0.00769  -0.0024  1.0000  0.0294  -4.5094   0.0000   0.0000   0.0000   0.2384
  -7.500  -0.9171   0.01255   0.00688   0.0015  1.0000  0.0340  -4.0897   0.0000   0.0000   0.0000   0.2432
  -7.000  -0.8742   0.01189   0.00613   0.0053  1.0000  0.0388  -3.6837   0.0000   0.0000   0.0000   0.2481
  -6.500  -0.8042   0.01115   0.00539   0.0035  0.9970  0.0469  -3.2376   0.0000   0.0000   0.0000   0.2469
  -6.000  -0.7294   0.01039   0.00467   0.0005  0.9935  0.0610  -2.8349   0.0000   0.0000   0.0000   0.2437
  -5.500  -0.6583   0.00965   0.00405  -0.0017  0.9881  0.0844  -2.4589   0.0000   0.0000   0.0000   0.2408
  -4.500  -0.5146   0.00825   0.00300  -0.0067  0.9749  0.1637  -1.7919   0.0000   0.0000   0.0000   0.2309
  -4.000  -0.4498   0.00763   0.00260  -0.0077  0.9623  0.2160  -1.5339   0.0000   0.0000   0.0000   0.2271
  -3.500  -0.3934   0.00709   0.00224  -0.0068  0.9421  0.2737  -1.3085   0.0000   0.0000   0.0000   0.2273
  -3.000  -0.3381   0.00664   0.00197  -0.0055  0.9164  0.3312  -1.1229   0.0000   0.0000   0.0000   0.2283
  -2.500  -0.2825   0.00628   0.00174  -0.0044  0.8849  0.3876  -0.9554   0.0000   0.0000   0.0000   0.2294
  -2.000  -0.2265   0.00602   0.00155  -0.0033  0.8484  0.4433  -0.8121   0.0000   0.0000   0.0000   0.2303
  -1.500  -0.1700   0.00582   0.00140  -0.0024  0.8058  0.4987  -0.6915   0.0000   0.0000   0.0000   0.2309
  -1.000  -0.1134   0.00569   0.00130  -0.0016  0.7599  0.5530  -0.5907   0.0000   0.0000   0.0000   0.2314
  -0.500  -0.0569   0.00563   0.00124  -0.0008  0.7100  0.6061  -0.5085   0.0000   0.0000   0.0000   0.2322
   0.000   0.0000   0.00562   0.00122   0.0000  0.6581  0.6581  -0.4389   0.0000   0.0000   0.0000  -0.0622
   0.500   0.0569   0.00563   0.00124   0.0008  0.6061  0.7100  -0.5085   0.0000   0.0000   0.0000   0.2322
   1.000   0.1134   0.00569   0.00130   0.0016  0.5530  0.7599  -0.5907   0.0000   0.0000   0.0000   0.2314
   1.500   0.1700   0.00582   0.00140   0.0024  0.4987  0.8058  -0.6915   0.0000   0.0000   0.0000   0.2309
   2.000   0.2265   0.00602   0.00155   0.0033  0.4433  0.8484  -0.8121   0.0000   0.0000   0.0000   0.2304
   2.500   0.2825   0.00628   0.00174   0.0044  0.3876  0.8849  -0.9554   0.0000   0.0000   0.0000   0.2294
   3.000   0.3381   0.00664   0.00197   0.0055  0.3312  0.9164  -1.1229   0.0000   0.0000   0.0000   0.2283
   3.500   0.3934   0.00709   0.00224   0.0068  0.2737  0.9421  -1.3085   0.0000   0.0000   0.0000   0.2273
   4.000   0.4498   0.00763   0.00260   0.0077  0.2160  0.9623  -1.5340   0.0000   0.0000   0.0000   0.2271
   4.500   0.5146   0.00825   0.00300   0.0067  0.1637  0.9749  -1.7919   0.0000   0.0000   0.0000   0.2309
   5.500   0.6583   0.00965   0.00405   0.0017  0.0844  0.9882  -2.4590   0.0000   0.0000   0.0000   0.2408
   6.000   0.7295   0.01039   0.00467  -0.0006  0.0609  0.9935  -2.8351   0.0000   0.0000   0.0000   0.2438
   6.500   0.8043   0.01115   0.00539  -0.0035  0.0469  0.9970  -3.2379   0.0000   0.0000   0.0000   0.2469
   7.000   0.8740   0.01189   0.00613  -0.0053  0.0388  1.0000  -3.6831   0.0000   0.0000   0.0000   0.2481
   7.500   0.9169   0.01255   0.00688  -0.0015  0.0340  1.0000  -4.0891   0.0000   0.0000   0.0000   0.2432
   8.000   0.9590   0.01334   0.00769   0.0024  0.0294  1.0000  -4.5089   0.0000   0.0000   0.0000   0.2384
   8.500   0.9991   0.01439   0.00887   0.0067  0.0262  1.0000  -4.9206   0.0000   0.0000   0.0000   0.2336
   9.000   1.0425   0.01531   0.00990   0.0105  0.0239  1.0000  -5.3748   0.0000   0.0000   0.0000   0.2297
   9.500   1.0852   0.01646   0.01118   0.0141  0.0216  1.0000  -5.8377   0.0000   0.0000   0.0000   0.2260
  10.000   1.1183   0.01850   0.01343   0.0188  0.0194  1.0000  -6.2296   0.0000   0.0000   0.0000   0.2215
  10.500   1.1500   0.02059   0.01578   0.0234  0.0185  1.0000  -6.6293   0.0000   0.0000   0.0000   0.2173
  11.000   1.1811   0.02243   0.01784   0.0279  0.0176  1.0000  -7.0530   0.0000   0.0000   0.0000   0.2132
  11.500   1.1979   0.02487   0.02056   0.0335  0.0166  1.0000  -7.3866   0.0000   0.0000   0.0000   0.2080
  12.000   1.2124   0.02786   0.02380   0.0376  0.0154  1.0000  -7.7213   0.0000   0.0000   0.0000   0.2041
  12.500   1.2192   0.03206   0.02827   0.0399  0.0146  1.0000  -8.0247   0.0000   0.0000   0.0000   0.2014
  13.000   1.2127   0.03857   0.03509   0.0393  0.0141  1.0000  -8.2416   0.0000   0.0000   0.0000   0.2006
  13.500   1.1943   0.04791   0.04474   0.0350  0.0138  1.0000  -8.3190   0.0000   0.0000   0.0000   0.2027
  14.000   1.1633   0.06017   0.05731   0.0277  0.0136  1.0000  -8.2354   0.0000   0.0000   0.0000   0.2070
  14.500   1.1210   0.07447   0.07186   0.0194  0.0136  1.0000  -8.0001   0.0000   0.0000   0.0000   0.2126
  15.000   1.0712   0.09031   0.08792   0.0105  0.0136  1.0000  -7.6372   0.0000   0.0000   0.0000   0.2192
  15.500   1.0166   0.10765   0.10544   0.0010  0.0137  1.0000  -7.1521   0.0000   0.0000   0.0000   0.2274
  16.000   0.9528   0.12770   0.12568  -0.0099  0.0138  1.0000  -6.4485   0.0000   0.0000   0.0000   0.2384


