xflr5 v6.61

 Calculated polar for: NACA 0012

 1 1 Reynolds number fixed          Mach number fixed         

 xtrf =   1.000 (top)        1.000 (bottom)
 Mach =   0.300     Re =     2.000 e 6     Ncrit =   9.000

  alpha     CL        CD       CDp       Cm    Top Xtr Bot Xtr   Cpmin    Chinge    XCp    
 ------- -------- --------- --------- -------- ------- ------- -------- --------- ---------
 -10.000  -1.1682   0.01418   0.00943  -0.0123  1.0000  0.0160  -6.6859   0.0000   0.0000   0.0000   0.2278
  -9.500  -1.1222   0.01330   0.00846  -0.0087  1.0000  0.0173  -6.1501   0.0000   0.0000   0.0000   0.2313
  -9.000  -1.0767   0.01257   0.00765  -0.0050  1.0000  0.0184  -5.6358   0.0000   0.0000   0.0000   0.2350
  -8.500  -1.0335   0.01186   0.00683  -0.0010  1.0000  0.0198  -5.1615   0.0000   0.0000   0.0000   0.2394
  -8.000  -0.9728   0.01101   0.00596  -0.0006  0.9985  0.0243  -4.6319   0.0000   0.0000   0.0000   0.2404
  -7.500  -0.9016   0.01042   0.00533  -0.0023  0.9959  0.0268  -4.0739   0.0000   0.0000   0.0000   0.2390
  -7.000  -0.8301   0.00970   0.00462  -0.0043  0.9935  0.0342  -3.5520   0.0000   0.0000   0.0000   0.2369
  -6.500  -0.7608   0.00912   0.00406  -0.0058  0.9896  0.0421  -3.1290   0.0000   0.0000   0.0000   0.2349
  -5.500  -0.6310   0.00808   0.00313  -0.0072  0.9718  0.0678  -2.3924   0.0000   0.0000   0.0000   0.2319
  -5.000  -0.5729   0.00761   0.00273  -0.0064  0.9556  0.0887  -2.0712   0.0000   0.0000   0.0000   0.2324
  -4.500  -0.5171   0.00715   0.00236  -0.0053  0.9339  0.1172  -1.7999   0.0000   0.0000   0.0000   0.2339
  -4.000  -0.4613   0.00673   0.00203  -0.0041  0.9068  0.1549  -1.5590   0.0000   0.0000   0.0000   0.2354
  -3.500  -0.4049   0.00638   0.00173  -0.0032  0.8747  0.1966  -1.3279   0.0000   0.0000   0.0000   0.2367
  -3.000  -0.3479   0.00604   0.00149  -0.0025  0.8379  0.2482  -1.1387   0.0000   0.0000   0.0000   0.2378
  -2.500  -0.2909   0.00578   0.00129  -0.0018  0.7954  0.3003  -0.9665   0.0000   0.0000   0.0000   0.2389
  -2.000  -0.2331   0.00558   0.00114  -0.0013  0.7502  0.3519  -0.8194   0.0000   0.0000   0.0000   0.2397
  -1.500  -0.1750   0.00545   0.00102  -0.0009  0.7034  0.4024  -0.6961   0.0000   0.0000   0.0000   0.2402
  -1.000  -0.1169   0.00537   0.00095  -0.0005  0.6530  0.4521  -0.5931   0.0000   0.0000   0.0000   0.2408
  -0.500  -0.0585   0.00530   0.00090  -0.0003  0.6045  0.5046  -0.5093   0.0000   0.0000   0.0000   0.2411
   0.000   0.0000   0.00527   0.00089   0.0000  0.5556  0.5556  -0.4386   0.0000   0.0000   0.0000  -0.0146
   0.500   0.0585   0.00530   0.00090   0.0003  0.5046  0.6045  -0.5093   0.0000   0.0000   0.0000   0.2411
   1.000   0.1169   0.00537   0.00095   0.0005  0.4521  0.6530  -0.5931   0.0000   0.0000   0.0000   0.2408
   1.500   0.1750   0.00545   0.00102   0.0009  0.4024  0.7034  -0.6961   0.0000   0.0000   0.0000   0.2402
   2.000   0.2332   0.00558   0.00114   0.0013  0.3519  0.7502  -0.8194   0.0000   0.0000   0.0000   0.2397
   2.500   0.2909   0.00578   0.00129   0.0018  0.3003  0.7954  -0.9665   0.0000   0.0000   0.0000   0.2389
   3.000   0.3479   0.00604   0.00149   0.0025  0.2482  0.8379  -1.1388   0.0000   0.0000   0.0000   0.2378
   3.500   0.4049   0.00638   0.00173   0.0032  0.1966  0.8747  -1.3279   0.0000   0.0000   0.0000   0.2367
   4.000   0.4614   0.00673   0.00203   0.0041  0.1549  0.9067  -1.5590   0.0000   0.0000   0.0000   0.2354
   4.500   0.5172   0.00715   0.00236   0.0052  0.1172  0.9339  -1.8000   0.0000   0.0000   0.0000   0.2339
   5.000   0.5730   0.00761   0.00273   0.0064  0.0886  0.9556  -2.0714   0.0000   0.0000   0.0000   0.2325
   5.500   0.6311   0.00808   0.00313   0.0072  0.0678  0.9718  -2.3926   0.0000   0.0000   0.0000   0.2319
   6.000   0.6930   0.00858   0.00357   0.0071  0.0529  0.9830  -2.7433   0.0000   0.0000   0.0000   0.2327
   6.500   0.7608   0.00912   0.00406   0.0058  0.0421  0.9896  -3.1291   0.0000   0.0000   0.0000   0.2349
   7.000   0.8302   0.00970   0.00462   0.0043  0.0342  0.9935  -3.5523   0.0000   0.0000   0.0000   0.2369
   7.500   0.9017   0.01042   0.00533   0.0023  0.0268  0.9959  -4.0743   0.0000   0.0000   0.0000   0.2390
   8.000   0.9729   0.01101   0.00596   0.0005  0.0243  0.9985  -4.6324   0.0000   0.0000   0.0000   0.2404
   8.500   1.0333   0.01185   0.00683   0.0010  0.0198  1.0000  -5.1608   0.0000   0.0000   0.0000   0.2394
   9.000   1.0766   0.01257   0.00765   0.0051  0.0184  1.0000  -5.6353   0.0000   0.0000   0.0000   0.2350
   9.500   1.1222   0.01329   0.00846   0.0087  0.0173  1.0000  -6.1499   0.0000   0.0000   0.0000   0.2312
  10.000   1.1683   0.01418   0.00943   0.0123  0.0160  1.0000  -6.6863   0.0000   0.0000   0.0000   0.2278
  10.500   1.2152   0.01522   0.01056   0.0155  0.0146  1.0000  -7.2475   0.0000   0.0000   0.0000   0.2248
  11.000   1.2503   0.01726   0.01287   0.0201  0.0122  1.0000  -7.6865   0.0000   0.0000   0.0000   0.2207
  11.500   1.2946   0.01849   0.01424   0.0234  0.0118  1.0000  -8.2819   0.0000   0.0000   0.0000   0.2179
  12.000   1.3294   0.02021   0.01616   0.0278  0.0114  1.0000  -8.8108   0.0000   0.0000   0.0000   0.2142
  12.500   1.3467   0.02248   0.01867   0.0340  0.0110  1.0000  -9.2885   0.0000   0.0000   0.0000   0.2089
  13.000   1.3547   0.02577   0.02223   0.0391  0.0106  1.0000  -9.7133   0.0000   0.0000   0.0000   0.2044
  13.500   1.3526   0.03060   0.02737   0.0419  0.0103  1.0000  -10.0386   0.0000   0.0000   0.0000   0.2012
  14.000   1.3401   0.03776   0.03485   0.0410  0.0102  1.0000  -10.2427   0.0000   0.0000   0.0000   0.2004
  14.500   1.3157   0.04792   0.04532   0.0361  0.0100  1.0000  -10.2858   0.0000   0.0000   0.0000   0.2024
  15.000   1.2781   0.06098   0.05865   0.0285  0.0100  1.0000  -10.1450   0.0000   0.0000   0.0000   0.2064
  15.500   1.2277   0.07605   0.07394   0.0200  0.0100  1.0000  -9.8213   0.0000   0.0000   0.0000   0.2114
  16.000   1.1702   0.09240   0.09047   0.0111  0.0100  1.0000  -9.3637   0.0000   0.0000   0.0000   0.2173
  16.500   1.1100   0.10988   0.10810   0.0015  0.0101  1.0000  -8.8005   0.0000   0.0000   0.0000   0.2246
  17.000   1.0515   0.12786   0.12621  -0.0084  0.0101  1.0000  -8.1712   0.0000   0.0000   0.0000   0.2334
  17.500   0.9905   0.14781   0.14630  -0.0198  0.0102  1.0000  -7.3744   0.0000   0.0000   0.0000   0.2450
  18.000   0.8086   0.20297   0.20166  -0.0491  0.0094  1.0000  -3.6892   0.0000   0.0000   0.0000   0.2890
  18.500   0.8147   0.21330   0.21199  -0.0543  0.0087  1.0000  -3.5494   0.0000   0.0000   0.0000   0.2944
  19.000   0.8292   0.22054   0.21923  -0.0584  0.0080  1.0000  -3.6560   0.0000   0.0000   0.0000   0.2974
  19.500   0.8451   0.22714   0.22584  -0.0625  0.0075  1.0000  -3.8190   0.0000   0.0000   0.0000   0.2999
  20.000   0.3359   0.08063   0.07962   0.0023  0.0083  1.0000  -1.4436   0.0000   0.0000   0.0000   0.2423


