xflr5 v6.61

 Calculated polar for: NACA 0006

 1 1 Reynolds number fixed          Mach number fixed         

 xtrf =   1.000 (top)        1.000 (bottom)
 Mach =   0.300     Re =     2.000 e 6     Ncrit =   9.000

  alpha     CL        CD       CDp       Cm    Top Xtr Bot Xtr   Cpmin    Chinge    XCp    
 ------- -------- --------- --------- -------- ------- ------- -------- --------- ---------
 -10.000  -0.7264   0.11199   0.11084   0.0351  1.0000  0.0037  -3.3672   0.0000   0.0000   0.0000   0.2934
  -9.500  -0.7179   0.10533   0.10419   0.0319  1.0000  0.0044  -3.0147   0.0000   0.0000   0.0000   0.2899
  -9.000  -0.7154   0.09654   0.09542   0.0275  1.0000  0.0055  -2.9931   0.0000   0.0000   0.0000   0.2842
  -8.500  -0.7173   0.08636   0.08526   0.0216  1.0000  0.0060  -3.1429   0.0000   0.0000   0.0000   0.2763
  -8.000  -0.7247   0.07500   0.07393   0.0123  1.0000  0.0060  -3.3570   0.0000   0.0000   0.0000   0.2634
  -7.500  -0.7270   0.05981   0.05862  -0.0038  1.0000  0.0058  -3.7159   0.0000   0.0000   0.0000   0.2414
  -7.000  -0.7174   0.04644   0.04495  -0.0099  1.0000  0.0058  -3.9775   0.0000   0.0000   0.0000   0.2329
  -6.500  -0.6981   0.03417   0.03218  -0.0110  1.0000  0.0058  -4.2116   0.0000   0.0000   0.0000   0.2309
  -6.000  -0.6706   0.02255   0.01976  -0.0089  1.0000  0.0056  -4.7187   0.0000   0.0000   0.0000   0.2334
  -5.500  -0.6281   0.01557   0.01198  -0.0061  1.0000  0.0058  -4.7701   0.0000   0.0000   0.0000   0.2371
  -5.000  -0.5797   0.01076   0.00650  -0.0034  1.0000  0.0055  -4.6902   0.0000   0.0000   0.0000   0.2412
  -4.500  -0.5278   0.00837   0.00372  -0.0012  1.0000  0.0055  -4.2992   0.0000   0.0000   0.0000   0.2451
  -4.000  -0.4725   0.00748   0.00267   0.0002  1.0000  0.0068  -3.6544   0.0000   0.0000   0.0000   0.2481
  -3.500  -0.4177   0.00688   0.00199   0.0015  1.0000  0.0119  -2.9661   0.0000   0.0000   0.0000   0.2516
  -3.000  -0.3633   0.00639   0.00152   0.0028  1.0000  0.0236  -2.2797   0.0000   0.0000   0.0000   0.2558
  -2.500  -0.2997   0.00590   0.00120   0.0017  0.9977  0.0618  -1.5892   0.0000   0.0000   0.0000   0.2543
  -2.000  -0.2284   0.00514   0.00089  -0.0013  0.9921  0.1872  -1.1212   0.0000   0.0000   0.0000   0.2427
  -1.500  -0.1624   0.00435   0.00066  -0.0033  0.9760  0.3618  -0.7279   0.0000   0.0000   0.0000   0.2282
  -1.000  -0.1052   0.00376   0.00052  -0.0030  0.9373  0.5212  -0.4825   0.0000   0.0000   0.0000   0.2201
  -0.500  -0.0530   0.00346   0.00044  -0.0014  0.8700  0.6558  -0.3168   0.0000   0.0000   0.0000   0.2225
   0.000  -0.0000   0.00336   0.00041  -0.0000  0.7743  0.7743  -0.2213   0.0000   0.0000   0.0000  -0.3301
   0.500   0.0530   0.00346   0.00044   0.0014  0.6558  0.8700  -0.3168   0.0000   0.0000   0.0000   0.2225
   1.000   0.1052   0.00376   0.00052   0.0030  0.5212  0.9373  -0.4825   0.0000   0.0000   0.0000   0.2201
   1.500   0.1624   0.00435   0.00066   0.0033  0.3618  0.9760  -0.7279   0.0000   0.0000   0.0000   0.2282
   2.000   0.2284   0.00514   0.00089   0.0013  0.1872  0.9921  -1.1212   0.0000   0.0000   0.0000   0.2427
   2.500   0.2997   0.00590   0.00120  -0.0018  0.0618  0.9977  -1.5892   0.0000   0.0000   0.0000   0.2543
   3.000   0.3632   0.00639   0.00152  -0.0027  0.0236  1.0000  -2.2795   0.0000   0.0000   0.0000   0.2558
   3.500   0.4177   0.00688   0.00199  -0.0015  0.0119  1.0000  -2.9659   0.0000   0.0000   0.0000   0.2515
   4.000   0.4725   0.00748   0.00267  -0.0002  0.0068  1.0000  -3.6542   0.0000   0.0000   0.0000   0.2481
   4.500   0.5278   0.00837   0.00372   0.0012  0.0055  1.0000  -4.2991   0.0000   0.0000   0.0000   0.2451
   5.000   0.5797   0.01076   0.00650   0.0034  0.0055  1.0000  -4.6902   0.0000   0.0000   0.0000   0.2412
   5.500   0.6281   0.01557   0.01198   0.0061  0.0058  1.0000  -4.7701   0.0000   0.0000   0.0000   0.2371
   6.000   0.6706   0.02255   0.01977   0.0089  0.0056  1.0000  -4.7186   0.0000   0.0000   0.0000   0.2334
   6.500   0.6981   0.03418   0.03219   0.0110  0.0058  1.0000  -4.2114   0.0000   0.0000   0.0000   0.2310
   7.000   0.7175   0.04645   0.04497   0.0099  0.0058  1.0000  -3.9774   0.0000   0.0000   0.0000   0.2329
   7.500   0.7272   0.05984   0.05866   0.0038  0.0058  1.0000  -3.7156   0.0000   0.0000   0.0000   0.2415
   8.000   0.7253   0.07506   0.07399  -0.0125  0.0060  1.0000  -3.3571   0.0000   0.0000   0.0000   0.2637
   8.500   0.7182   0.08644   0.08533  -0.0219  0.0060  1.0000  -3.1438   0.0000   0.0000   0.0000   0.2765
   9.000   0.7165   0.09663   0.09550  -0.0277  0.0054  1.0000  -2.9947   0.0000   0.0000   0.0000   0.2845
   9.500   0.7193   0.10536   0.10423  -0.0321  0.0044  1.0000  -3.0261   0.0000   0.0000   0.0000   0.2902
  10.000   0.7280   0.11198   0.11083  -0.0353  0.0037  1.0000  -3.3871   0.0000   0.0000   0.0000   0.2936


