xflr5 v6.61

 Calculated polar for: NACA 0015

 1 1 Reynolds number fixed          Mach number fixed         

 xtrf =   1.000 (top)        1.000 (bottom)
 Mach =   0.300     Re =     2.000 e 6     Ncrit =   9.000

  alpha     CL        CD       CDp       Cm    Top Xtr Bot Xtr   Cpmin    Chinge    XCp    
 ------- -------- --------- --------- -------- ------- ------- -------- --------- ---------
 -10.000  -1.1911   0.01349   0.00845  -0.0075  0.9988  0.0345  -4.9553   0.0000   0.0000   0.0000   0.2298
  -9.500  -1.1218   0.01278   0.00768  -0.0088  0.9961  0.0364  -4.5149   0.0000   0.0000   0.0000   0.2289
  -9.000  -1.0531   0.01185   0.00676  -0.0103  0.9936  0.0438  -4.1017   0.0000   0.0000   0.0000   0.2277
  -8.500  -0.9846   0.01121   0.00611  -0.0115  0.9899  0.0480  -3.7026   0.0000   0.0000   0.0000   0.2263
  -8.000  -0.9194   0.01048   0.00542  -0.0123  0.9833  0.0579  -3.3331   0.0000   0.0000   0.0000   0.2253
  -7.500  -0.8599   0.00987   0.00485  -0.0117  0.9726  0.0683  -3.0272   0.0000   0.0000   0.0000   0.2255
  -7.000  -0.8037   0.00936   0.00435  -0.0104  0.9583  0.0794  -2.7496   0.0000   0.0000   0.0000   0.2267
  -6.500  -0.7491   0.00888   0.00390  -0.0088  0.9402  0.0930  -2.4868   0.0000   0.0000   0.0000   0.2284
  -6.000  -0.6946   0.00839   0.00345  -0.0073  0.9190  0.1128  -2.2344   0.0000   0.0000   0.0000   0.2301
  -5.500  -0.6386   0.00798   0.00306  -0.0060  0.8947  0.1333  -2.0068   0.0000   0.0000   0.0000   0.2315
  -5.000  -0.5819   0.00762   0.00272  -0.0050  0.8669  0.1563  -1.7984   0.0000   0.0000   0.0000   0.2327
  -4.500  -0.5254   0.00725   0.00239  -0.0040  0.8355  0.1879  -1.5987   0.0000   0.0000   0.0000   0.2340
  -4.000  -0.4683   0.00698   0.00213  -0.0032  0.8007  0.2178  -1.4272   0.0000   0.0000   0.0000   0.2351
  -3.500  -0.4105   0.00672   0.00189  -0.0026  0.7659  0.2512  -1.2638   0.0000   0.0000   0.0000   0.2360
  -3.000  -0.3526   0.00649   0.00170  -0.0020  0.7290  0.2870  -1.1220   0.0000   0.0000   0.0000   0.2368
  -2.500  -0.2945   0.00635   0.00154  -0.0015  0.6895  0.3220  -0.9947   0.0000   0.0000   0.0000   0.2376
  -2.000  -0.2361   0.00619   0.00142  -0.0011  0.6515  0.3590  -0.8820   0.0000   0.0000   0.0000   0.2383
  -1.500  -0.1770   0.00610   0.00132  -0.0008  0.6148  0.3931  -0.7825   0.0000   0.0000   0.0000   0.2385
  -1.000  -0.1181   0.00604   0.00126  -0.0005  0.5767  0.4296  -0.6954   0.0000   0.0000   0.0000   0.2388
  -0.500  -0.0594   0.00599   0.00122  -0.0002  0.5373  0.4672  -0.6187   0.0000   0.0000   0.0000   0.2399
   0.000   0.0000   0.00597   0.00121   0.0000  0.5030  0.5030  -0.5504   0.0000   0.0000   0.0000  -0.0799
   0.500   0.0594   0.00599   0.00122   0.0002  0.4672  0.5374  -0.6187   0.0000   0.0000   0.0000   0.2399
   1.000   0.1181   0.00604   0.00126   0.0005  0.4296  0.5767  -0.6954   0.0000   0.0000   0.0000   0.2388
   1.500   0.1770   0.00610   0.00132   0.0008  0.3931  0.6148  -0.7825   0.0000   0.0000   0.0000   0.2385
   2.000   0.2361   0.00619   0.00142   0.0011  0.3590  0.6515  -0.8820   0.0000   0.0000   0.0000   0.2383
   2.500   0.2945   0.00635   0.00154   0.0015  0.3220  0.6895  -0.9947   0.0000   0.0000   0.0000   0.2376
   3.000   0.3527   0.00649   0.00170   0.0020  0.2870  0.7290  -1.1220   0.0000   0.0000   0.0000   0.2368
   3.500   0.4106   0.00672   0.00189   0.0026  0.2512  0.7659  -1.2639   0.0000   0.0000   0.0000   0.2360
   4.000   0.4683   0.00698   0.00213   0.0032  0.2178  0.8007  -1.4272   0.0000   0.0000   0.0000   0.2351
   4.500   0.5255   0.00725   0.00239   0.0040  0.1878  0.8355  -1.5988   0.0000   0.0000   0.0000   0.2340
   5.000   0.5819   0.00762   0.00272   0.0050  0.1563  0.8669  -1.7985   0.0000   0.0000   0.0000   0.2327
   5.500   0.6387   0.00798   0.00306   0.0060  0.1333  0.8946  -2.0070   0.0000   0.0000   0.0000   0.2315
   6.000   0.6947   0.00839   0.00345   0.0072  0.1128  0.9190  -2.2347   0.0000   0.0000   0.0000   0.2301
   6.500   0.7493   0.00888   0.00390   0.0087  0.0930  0.9402  -2.4871   0.0000   0.0000   0.0000   0.2284
   7.000   0.8038   0.00936   0.00435   0.0104  0.0794  0.9583  -2.7499   0.0000   0.0000   0.0000   0.2267
   7.500   0.8600   0.00987   0.00485   0.0117  0.0683  0.9726  -3.0275   0.0000   0.0000   0.0000   0.2256
   8.000   0.9195   0.01048   0.00542   0.0122  0.0579  0.9833  -3.3336   0.0000   0.0000   0.0000   0.2253
   8.500   0.9847   0.01121   0.00610   0.0115  0.0480  0.9900  -3.7031   0.0000   0.0000   0.0000   0.2264
   9.000   1.0534   0.01185   0.00676   0.0102  0.0438  0.9936  -4.1025   0.0000   0.0000   0.0000   0.2277
   9.500   1.1221   0.01278   0.00768   0.0088  0.0364  0.9961  -4.5159   0.0000   0.0000   0.0000   0.2290
  10.000   1.1914   0.01349   0.00844   0.0075  0.0345  0.9989  -4.9565   0.0000   0.0000   0.0000   0.2299
  10.500   1.2379   0.01429   0.00926   0.0105  0.0314  1.0000  -5.3308   0.0000   0.0000   0.0000   0.2269
  11.000   1.2613   0.01520   0.01024   0.0178  0.0276  1.0000  -5.6215   0.0000   0.0000   0.0000   0.2205
  11.500   1.2917   0.01601   0.01114   0.0238  0.0265  1.0000  -5.9570   0.0000   0.0000   0.0000   0.2154
  12.000   1.3256   0.01700   0.01221   0.0288  0.0254  1.0000  -6.3495   0.0000   0.0000   0.0000   0.2112
  12.500   1.3587   0.01831   0.01362   0.0331  0.0239  1.0000  -6.7652   0.0000   0.0000   0.0000   0.2077
  13.000   1.3885   0.01999   0.01539   0.0372  0.0223  1.0000  -7.1750   0.0000   0.0000   0.0000   0.2043
  13.500   1.4111   0.02234   0.01787   0.0412  0.0205  1.0000  -7.5479   0.0000   0.0000   0.0000   0.2009
  14.000   1.4187   0.02613   0.02190   0.0446  0.0188  1.0000  -7.8245   0.0000   0.0000   0.0000   0.1976
  14.500   1.4370   0.02960   0.02553   0.0463  0.0186  1.0000  -8.1863   0.0000   0.0000   0.0000   0.1956
  15.000   1.4482   0.03417   0.03028   0.0470  0.0183  1.0000  -8.5029   0.0000   0.0000   0.0000   0.1942
  15.500   1.4493   0.04007   0.03638   0.0466  0.0179  1.0000  -8.7499   0.0000   0.0000   0.0000   0.1933
  16.000   1.4386   0.04771   0.04424   0.0446  0.0176  1.0000  -8.9074   0.0000   0.0000   0.0000   0.1931
  16.500   1.4169   0.05690   0.05364   0.0415  0.0173  1.0000  -8.9735   0.0000   0.0000   0.0000   0.1935
  17.000   1.3823   0.06805   0.06501   0.0369  0.0171  1.0000  -8.9257   0.0000   0.0000   0.0000   0.1948
  17.500   1.3404   0.08044   0.07760   0.0313  0.0169  1.0000  -8.7983   0.0000   0.0000   0.0000   0.1968
  18.000   1.2926   0.09394   0.09131   0.0249  0.0168  1.0000  -8.5954   0.0000   0.0000   0.0000   0.1997
  18.500   1.2438   0.10818   0.10573   0.0176  0.0167  1.0000  -8.3467   0.0000   0.0000   0.0000   0.2036
  19.000   1.1957   0.12260   0.12032   0.0100  0.0166  1.0000  -8.0655   0.0000   0.0000   0.0000   0.2083
  19.500   1.1569   0.13637   0.13423   0.0023  0.0164  1.0000  -7.8229   0.0000   0.0000   0.0000   0.2136
  20.000   1.1182   0.15076   0.14876  -0.0063  0.0162  1.0000  -7.5309   0.0000   0.0000   0.0000   0.2201


