xflr5 v6.61

 Calculated polar for: NACA 0006

 1 1 Reynolds number fixed          Mach number fixed         

 xtrf =   1.000 (top)        1.000 (bottom)
 Mach =   0.300     Re =     0.500 e 6     Ncrit =   9.000

  alpha     CL        CD       CDp       Cm    Top Xtr Bot Xtr   Cpmin    Chinge    XCp    
 ------- -------- --------- --------- -------- ------- ------- -------- --------- ---------
  -6.500  -0.6756   0.04667   0.04387  -0.0112  1.0000  0.0213  -2.8452   0.0000   0.0000   0.0000   0.2305
  -6.000  -0.6468   0.03811   0.03481  -0.0118  1.0000  0.0231  -2.8276   0.0000   0.0000   0.0000   0.2290
  -5.500  -0.6090   0.03019   0.02615  -0.0105  1.0000  0.0251  -2.8699   0.0000   0.0000   0.0000   0.2301
  -5.000  -0.1643   0.00000  -0.00359  -0.0550  0.9232  0.0290  -1.8640   0.0000   0.0000   0.0000  -0.0801
  -4.500  -0.1528   0.00000  -0.00367  -0.0500  0.8988  0.0403  -1.5932   0.0000   0.0000   0.0000  -0.0727
  -4.000  -0.1406   0.00000  -0.00359  -0.0447  0.8721  0.0860  -1.3013   0.0000   0.0000   0.0000  -0.0633
  -3.500  -0.1303   0.00000  -0.00331  -0.0390  0.8431  0.2009  -1.0092   0.0000   0.0000   0.0000  -0.0443
  -3.000  -0.1194   0.00000  -0.00309  -0.0329  0.8147  0.3104  -0.7913   0.0000   0.0000   0.0000  -0.0207
  -2.500  -0.1060   0.00000  -0.00299  -0.0267  0.7868  0.3929  -0.5853   0.0000   0.0000   0.0000   0.0025
  -2.000  -0.0940   0.00000  -0.00296  -0.0200  0.7587  0.4560  -0.4067   0.0000   0.0000   0.0000   0.0420
  -1.500  -0.0829   0.00000  -0.00295  -0.0128  0.7297  0.5070  -0.2417   0.0000   0.0000   0.0000   0.0998
  -1.000  -0.0586   0.00000  -0.00290  -0.0079  0.6984  0.5547  -0.0997   0.0000   0.0000   0.0000   0.1194
  -0.500  -0.0302   0.00000  -0.00292  -0.0037  0.6657  0.5950   0.0159   0.0000   0.0000   0.0000   0.1296
   0.000   0.0000   0.00000  -0.00290   0.0000  0.6309  0.6309   0.0900   0.0000   0.0000   0.0000  -73.3328
   0.500   0.0292   0.00000  -0.00290   0.0039  0.5937  0.6635   0.0188   0.0000   0.0000   0.0000   0.1196
   1.000   0.0541   0.00000  -0.00288   0.0086  0.5529  0.6938  -0.0881   0.0000   0.0000   0.0000   0.0952
   1.500   0.0701   0.00000  -0.00291   0.0148  0.5085  0.7222  -0.2046   0.0000   0.0000   0.0000   0.0433
   2.000   0.0754   0.00000  -0.00289   0.0228  0.4626  0.7484  -0.3329   0.0000   0.0000   0.0000  -0.0463
   2.500   0.0860   0.00000  -0.00292   0.0294  0.4048  0.7745  -0.5151   0.0000   0.0000   0.0000  -0.0857
   3.000   0.0948   0.00000  -0.00296   0.0359  0.3364  0.8003  -0.6798   0.0000   0.0000   0.0000  -0.1224
   3.500   0.1029   0.00000  -0.00307   0.0421  0.2505  0.8261  -0.8673   0.0000   0.0000   0.0000  -0.1523
   4.000   0.1094   0.00000  -0.00327   0.0479  0.1470  0.8521  -1.0962   0.0000   0.0000   0.0000  -0.1806
   4.500   0.1151   0.00000  -0.00348   0.0533  0.0600  0.8780  -1.3483   0.0000   0.0000   0.0000  -0.2052
   5.000   0.1220   0.00000  -0.00345   0.0581  0.0362  0.9018  -1.5878   0.0000   0.0000   0.0000  -0.2184
   5.500   0.1309   0.00000  -0.00335   0.0622  0.0277  0.9238  -1.8245   0.0000   0.0000   0.0000  -0.2181
   6.000   0.1525   0.00000  -0.00321   0.0644  0.0199  0.9400  -2.1275   0.0000   0.0000   0.0000  -0.1659


