xflr5 v6.61

 Calculated polar for: NACA 0008

 1 1 Reynolds number fixed          Mach number fixed         

 xtrf =   1.000 (top)        1.000 (bottom)
 Mach =   0.500     Re =     2.000 e 6     Ncrit =   9.000

  alpha     CL        CD       CDp       Cm    Top Xtr Bot Xtr   Cpmin    Chinge    XCp    
 ------- -------- --------- --------- -------- ------- ------- -------- --------- ---------
 -10.000  -0.7056   0.10753   0.10628   0.0231  1.0000  0.0061  -3.3934   0.0000   0.0000   0.0000   0.2756
  -9.500  -0.7144   0.09621   0.09497   0.0176  1.0000  0.0061  -3.7241   0.0000   0.0000   0.0000   0.2678
  -9.000  -0.7278   0.08449   0.08328   0.0113  1.0000  0.0062  -4.0666   0.0000   0.0000   0.0000   0.2589
  -8.500  -0.7451   0.07212   0.07094   0.0035  1.0000  0.0063  -4.4059   0.0000   0.0000   0.0000   0.2483
  -8.000  -0.7629   0.05681   0.05565  -0.0109  1.0000  0.0064  -4.7661   0.0000   0.0000   0.0000   0.2297
  -7.500  -0.7906   0.04362   0.04225  -0.0217  1.0000  0.0065  -5.0702   0.0000   0.0000   0.0000   0.2168
  -7.000  -0.8091   0.03254   0.03077  -0.0226  1.0000  0.0066  -5.4035   0.0000   0.0000   0.0000   0.2165
  -6.500  -0.8161   0.02144   0.01889  -0.0190  1.0000  0.0071  -5.8799   0.0000   0.0000   0.0000   0.2214
  -6.000  -0.7880   0.01475   0.01133  -0.0132  1.0000  0.0083  -5.7609   0.0000   0.0000   0.0000   0.2281
  -5.500  -0.7405   0.01151   0.00752  -0.0076  1.0000  0.0100  -5.1492   0.0000   0.0000   0.0000   0.2351
  -5.000  -0.6875   0.00968   0.00530  -0.0026  1.0000  0.0113  -4.3542   0.0000   0.0000   0.0000   0.2421
  -4.500  -0.6125   0.00833   0.00368  -0.0022  0.9973  0.0144  -3.6391   0.0000   0.0000   0.0000   0.2427
  -4.000  -0.5287   0.00761   0.00287  -0.0040  0.9936  0.0214  -2.9148   0.0000   0.0000   0.0000   0.2391
  -3.500  -0.4496   0.00703   0.00228  -0.0054  0.9862  0.0352  -2.2505   0.0000   0.0000   0.0000   0.2350
  -3.000  -0.3747   0.00645   0.00182  -0.0063  0.9725  0.0718  -1.6872   0.0000   0.0000   0.0000   0.2303
  -2.500  -0.3092   0.00582   0.00142  -0.0055  0.9461  0.1477  -1.3108   0.0000   0.0000   0.0000   0.2295
  -2.000  -0.2484   0.00531   0.00112  -0.0039  0.9051  0.2417  -0.9845   0.0000   0.0000   0.0000   0.2319
  -1.500  -0.1876   0.00489   0.00087  -0.0025  0.8512  0.3497  -0.7418   0.0000   0.0000   0.0000   0.2344
  -1.000  -0.1254   0.00464   0.00073  -0.0015  0.7861  0.4479  -0.5527   0.0000   0.0000   0.0000   0.2358
  -0.500  -0.0629   0.00451   0.00064  -0.0007  0.7105  0.5408  -0.4186   0.0000   0.0000   0.0000   0.2369
   0.000  -0.0000   0.00447   0.00062  -0.0000  0.6284  0.6284  -0.3273   0.0000   0.0000   0.0000  -0.1705
   0.500   0.0629   0.00451   0.00064   0.0007  0.5408  0.7105  -0.4186   0.0000   0.0000   0.0000   0.2369
   1.000   0.1254   0.00464   0.00073   0.0015  0.4479  0.7861  -0.5527   0.0000   0.0000   0.0000   0.2358
   1.500   0.1876   0.00489   0.00087   0.0025  0.3497  0.8512  -0.7418   0.0000   0.0000   0.0000   0.2344
   2.000   0.2484   0.00531   0.00112   0.0039  0.2417  0.9051  -0.9845   0.0000   0.0000   0.0000   0.2319
   2.500   0.3092   0.00582   0.00142   0.0055  0.1477  0.9461  -1.3109   0.0000   0.0000   0.0000   0.2295
   3.000   0.3747   0.00645   0.00182   0.0063  0.0718  0.9725  -1.6872   0.0000   0.0000   0.0000   0.2303
   3.500   0.4497   0.00703   0.00228   0.0054  0.0352  0.9863  -2.2506   0.0000   0.0000   0.0000   0.2350
   4.000   0.5288   0.00761   0.00287   0.0040  0.0214  0.9936  -2.9149   0.0000   0.0000   0.0000   0.2391
   4.500   0.6125   0.00833   0.00368   0.0022  0.0144  0.9974  -3.6393   0.0000   0.0000   0.0000   0.2427
   5.000   0.6874   0.00968   0.00530   0.0026  0.0113  1.0000  -4.3537   0.0000   0.0000   0.0000   0.2421
   5.500   0.7404   0.01151   0.00752   0.0076  0.0100  1.0000  -5.1489   0.0000   0.0000   0.0000   0.2351
   6.000   0.7880   0.01475   0.01133   0.0132  0.0083  1.0000  -5.7609   0.0000   0.0000   0.0000   0.2281
   6.500   0.8161   0.02144   0.01889   0.0190  0.0071  1.0000  -5.8796   0.0000   0.0000   0.0000   0.2214
   7.000   0.8092   0.03256   0.03079   0.0226  0.0066  1.0000  -5.4028   0.0000   0.0000   0.0000   0.2166
   7.500   0.7908   0.04367   0.04230   0.0216  0.0065  1.0000  -5.0687   0.0000   0.0000   0.0000   0.2170
   8.000   0.7635   0.05698   0.05582   0.0105  0.0064  1.0000  -4.7620   0.0000   0.0000   0.0000   0.2302
   8.500   0.7458   0.07224   0.07106  -0.0038  0.0063  1.0000  -4.4021   0.0000   0.0000   0.0000   0.2487
   9.000   0.7287   0.08461   0.08340  -0.0116  0.0062  1.0000  -4.0623   0.0000   0.0000   0.0000   0.2593
   9.500   0.7155   0.09634   0.09511  -0.0180  0.0061  1.0000  -3.7195   0.0000   0.0000   0.0000   0.2682
  10.000   0.7068   0.10767   0.10642  -0.0235  0.0061  1.0000  -3.3893   0.0000   0.0000   0.0000   0.2761
  10.500   0.7020   0.11847   0.11720  -0.0282  0.0061  1.0000  -3.0921   0.0000   0.0000   0.0000   0.2828
  11.000   0.7015   0.12897   0.12770  -0.0326  0.0062  1.0000  -2.8335   0.0000   0.0000   0.0000   0.2888
  11.500   0.7034   0.13916   0.13788  -0.0368  0.0064  1.0000  -2.6004   0.0000   0.0000   0.0000   0.2943


