xflr5 v6.61

 Calculated polar for: NACA 0008

 1 1 Reynolds number fixed          Mach number fixed         

 xtrf =   1.000 (top)        1.000 (bottom)
 Mach =   0.300     Re =     1.000 e 6     Ncrit =   9.000

  alpha     CL        CD       CDp       Cm    Top Xtr Bot Xtr   Cpmin    Chinge    XCp    
 ------- -------- --------- --------- -------- ------- ------- -------- --------- ---------
 -10.000  -0.7417   0.09240   0.09076   0.0141  1.0000  0.0087  -3.5974   0.0000   0.0000   0.0000   0.2620
  -9.500  -0.8149   0.06055   0.05896  -0.0091  1.0000  0.0078  -5.3061   0.0000   0.0000   0.0000   0.2314
  -9.000  -0.8739   0.04325   0.04123  -0.0192  1.0000  0.0076  -6.1524   0.0000   0.0000   0.0000   0.2210
  -8.500  -0.8971   0.03131   0.02851  -0.0174  1.0000  0.0074  -6.6719   0.0000   0.0000   0.0000   0.2238
  -8.000  -0.8869   0.02265   0.01890  -0.0135  1.0000  0.0075  -6.8239   0.0000   0.0000   0.0000   0.2282
  -7.500  -0.8528   0.01747   0.01298  -0.0101  1.0000  0.0081  -6.5708   0.0000   0.0000   0.0000   0.2321
  -7.000  -0.8034   0.01532   0.01048  -0.0078  1.0000  0.0099  -5.9514   0.0000   0.0000   0.0000   0.2347
  -6.500  -0.7515   0.01379   0.00871  -0.0058  1.0000  0.0117  -5.2653   0.0000   0.0000   0.0000   0.2372
  -6.000  -0.7023   0.01199   0.00664  -0.0034  1.0000  0.0128  -4.6416   0.0000   0.0000   0.0000   0.2406
  -5.500  -0.6526   0.01055   0.00502  -0.0010  1.0000  0.0155  -4.0260   0.0000   0.0000   0.0000   0.2443
  -5.000  -0.5999   0.00988   0.00425   0.0009  1.0000  0.0192  -3.3679   0.0000   0.0000   0.0000   0.2476
  -4.500  -0.5485   0.00907   0.00339   0.0029  1.0000  0.0264  -2.9010   0.0000   0.0000   0.0000   0.2518
  -4.000  -0.4970   0.00842   0.00275   0.0048  1.0000  0.0401  -2.4720   0.0000   0.0000   0.0000   0.2565
  -3.500  -0.4458   0.00783   0.00231   0.0065  1.0000  0.0737  -2.0454   0.0000   0.0000   0.0000   0.2618
  -3.000  -0.3760   0.00704   0.00186   0.0040  0.9962  0.1604  -1.5754   0.0000   0.0000   0.0000   0.2579
  -2.500  -0.3026   0.00617   0.00152   0.0004  0.9905  0.2972  -1.1992   0.0000   0.0000   0.0000   0.2490
  -2.000  -0.2296   0.00543   0.00129  -0.0029  0.9819  0.4365  -0.8807   0.0000   0.0000   0.0000   0.2350
  -1.500  -0.1631   0.00486   0.00111  -0.0045  0.9652  0.5563  -0.6476   0.0000   0.0000   0.0000   0.2199
  -1.000  -0.1055   0.00443   0.00100  -0.0039  0.9347  0.6591  -0.4838   0.0000   0.0000   0.0000   0.2107
  -0.500  -0.0523   0.00414   0.00092  -0.0021  0.8890  0.7499  -0.3707   0.0000   0.0000   0.0000   0.2081
   0.000  -0.0000   0.00406   0.00089  -0.0000  0.8267  0.8267  -0.2933   0.0000   0.0000   0.0000  -0.5988
   0.500   0.0523   0.00414   0.00092   0.0021  0.7499  0.8890  -0.3707   0.0000   0.0000   0.0000   0.2081
   1.000   0.1055   0.00443   0.00100   0.0039  0.6591  0.9347  -0.4838   0.0000   0.0000   0.0000   0.2107
   1.500   0.1631   0.00486   0.00111   0.0045  0.5563  0.9652  -0.6476   0.0000   0.0000   0.0000   0.2199
   2.000   0.2296   0.00542   0.00129   0.0029  0.4365  0.9819  -0.8807   0.0000   0.0000   0.0000   0.2350
   2.500   0.3026   0.00617   0.00152  -0.0004  0.2972  0.9905  -1.1992   0.0000   0.0000   0.0000   0.2490
   3.000   0.3760   0.00704   0.00186  -0.0040  0.1604  0.9962  -1.5754   0.0000   0.0000   0.0000   0.2579
   3.500   0.4457   0.00783   0.00231  -0.0065  0.0737  1.0000  -2.0452   0.0000   0.0000   0.0000   0.2618
   4.000   0.4970   0.00842   0.00275  -0.0048  0.0401  1.0000  -2.4717   0.0000   0.0000   0.0000   0.2565
   4.500   0.5484   0.00907   0.00339  -0.0029  0.0264  1.0000  -2.9007   0.0000   0.0000   0.0000   0.2518
   5.000   0.5998   0.00988   0.00425  -0.0009  0.0193  1.0000  -3.3677   0.0000   0.0000   0.0000   0.2476
   5.500   0.6525   0.01055   0.00502   0.0010  0.0155  1.0000  -4.0258   0.0000   0.0000   0.0000   0.2443
   6.000   0.7023   0.01198   0.00664   0.0034  0.0128  1.0000  -4.6415   0.0000   0.0000   0.0000   0.2406
   6.500   0.7515   0.01379   0.00871   0.0058  0.0117  1.0000  -5.2653   0.0000   0.0000   0.0000   0.2372
   7.000   0.8035   0.01532   0.01048   0.0078  0.0099  1.0000  -5.9516   0.0000   0.0000   0.0000   0.2347
   7.500   0.8528   0.01747   0.01298   0.0101  0.0081  1.0000  -6.5711   0.0000   0.0000   0.0000   0.2321
   8.000   0.8870   0.02265   0.01891   0.0135  0.0075  1.0000  -6.8240   0.0000   0.0000   0.0000   0.2282
   8.500   0.8972   0.03133   0.02853   0.0173  0.0074  1.0000  -6.6715   0.0000   0.0000   0.0000   0.2239
   9.000   0.8739   0.04332   0.04130   0.0191  0.0076  1.0000  -6.1479   0.0000   0.0000   0.0000   0.2211
   9.500   0.8145   0.06108   0.05949   0.0085  0.0078  1.0000  -5.2753   0.0000   0.0000   0.0000   0.2322
  10.000   0.7421   0.09269   0.09106  -0.0146  0.0088  1.0000  -3.5791   0.0000   0.0000   0.0000   0.2626
  10.500   0.7167   0.10812   0.10645  -0.0222  0.0099  1.0000  -2.9423   0.0000   0.0000   0.0000   0.2738
  11.000   0.6960   0.12101   0.11931  -0.0272  0.0121  1.0000  -2.5372   0.0000   0.0000   0.0000   0.2817
  11.500   0.6963   0.13098   0.12927  -0.0310  0.0121  1.0000  -2.3908   0.0000   0.0000   0.0000   0.2868
  12.000   0.6997   0.14060   0.13888  -0.0347  0.0121  1.0000  -2.2713   0.0000   0.0000   0.0000   0.2915
  12.500   0.7048   0.14981   0.14808  -0.0382  0.0121  1.0000  -2.1716   0.0000   0.0000   0.0000   0.2957
  13.000   0.7120   0.15884   0.15710  -0.0416  0.0121  1.0000  -2.0875   0.0000   0.0000   0.0000   0.2997
  13.500   0.7210   0.16765   0.16591  -0.0452  0.0120  1.0000  -2.0432   0.0000   0.0000   0.0000   0.3035
  14.000   0.7313   0.17625   0.17452  -0.0488  0.0120  1.0000  -2.0657   0.0000   0.0000   0.0000   0.3072
  14.500   0.7427   0.18459   0.18285  -0.0525  0.0119  1.0000  -2.0916   0.0000   0.0000   0.0000   0.3107
  15.000   0.7559   0.19314   0.19140  -0.0573  0.0106  1.0000  -2.0340   0.0000   0.0000   0.0000   0.3155
  15.500   0.7697   0.20081   0.19907  -0.0610  0.0087  1.0000  -2.1120   0.0000   0.0000   0.0000   0.3183
  16.000   0.7852   0.20697   0.20523  -0.0640  0.0076  1.0000  -2.3462   0.0000   0.0000   0.0000   0.3199
  16.500   0.7936   0.21695   0.21520  -0.0677  0.0068  1.0000  -2.1351   0.0000   0.0000   0.0000   0.3232
  17.000   0.8076   0.22587   0.22412  -0.0718  0.0068  1.0000  -2.0100   0.0000   0.0000   0.0000   0.3263
  17.500   0.8224   0.23447   0.23272  -0.0759  0.0067  1.0000  -1.9341   0.0000   0.0000   0.0000   0.3291
  18.000   0.8379   0.24288   0.24113  -0.0801  0.0067  1.0000  -1.8797   0.0000   0.0000   0.0000   0.3319
  18.500   0.8538   0.25118   0.24942  -0.0844  0.0066  1.0000  -1.8303   0.0000   0.0000   0.0000   0.3346
  19.000   0.8706   0.25936   0.25762  -0.0890  0.0065  1.0000  -1.7785   0.0000   0.0000   0.0000   0.3373
  19.500   0.8897   0.26717   0.26542  -0.0938  0.0058  1.0000  -1.7133   0.0000   0.0000   0.0000   0.3399
  20.000   0.9079   0.27447   0.27272  -0.0984  0.0050  1.0000  -1.7094   0.0000   0.0000   0.0000   0.3421


