(title "Static Pressure")
(labels "Position" "Static Pressure")

((xy/key/label "centerline")
1.86	-98682.9
1.77077	-98236.1
1.68155	-97643.9
1.59232	-96957.6
1.50309	-96076.6
1.41387	-94957.9
1.41387	-94957.9
1.32464	-93554.5
1.23541	-91779.6
1.14619	-89388.1
1.05696	-85793.3
0.967736	-80093.7
0.878509	-70696.8
0	492480
0.090712	491995
0.181424	490911
0.29511	488181
0.399419	472047
0.481228	361696
0.481228	361696
0.521604	251057
0.61083	51028.7
0.700056	-21396.1
0.789283	-54002.4
0.878509	-70696.8
)
