(title "Static Pressure")
(labels "Position" "Static Pressure")

((xy/key/label "centerline")
0.942242	-93177.7
0.951802	-93720.7
0.961362	-94118.1
0.970922	-94248.9
0.980482	-93943.1
0.990042	-93021.4
0.999602	-91332.5
1.00916	-88876.3
1.01872	-85890.2
1.02828	-82771.8
1.03784	-79955.6
1.0474	-77825.3
1.05696	-76682.6
1.06652	-76538.8
1.07608	-77132.8
1.08564	-78174
1.0952	-79414.7
1.10476	-80676.4
1.11432	-81847.2
1.12388	-82881.6
1.13344	-83774.8
1.143	-84542.3
1.15256	-85207.4
1.16212	-85793.8
1.17168	-86321.4
1.18124	-86805.8
1.1908	-87258.1
1.20036	-87686.1
1.20992	-88094.6
1.21948	-88486.4
1.22904	-88863.5
1.2386	-89226.5
1.24816	-89576.3
1.25772	-89913
1.26728	-90237.2
1.27684	-90549.2
1.2864	-90849.5
1.29596	-91138.4
1.30552	-91416.4
1.31508	-91684.1
1.32464	-91941.8
0	491539
0.0100791	491533
0.0201582	491523
0.0302373	491508
0.0403164	491486
0.0503956	491457
0.0604747	491421
0.0705538	491377
0.0806329	491323
0.090712	491260
0.100791	491185
0.11087	491097
0.120949	490996
0.131028	490877
0.141108	490740
0.151187	490583
0.161266	490401
0.171345	490192
0.181424	489952
0.191902	489666
0.202373	489336
0.21283	488957
0.223265	488522
0.233672	488022
0.244043	487450
0.25437	486794
0.264648	486043
0.274868	485183
0.285025	484198
0.29511	483072
0.305117	481782
0.31504	480306
0.32487	478618
0.334602	476685
0.344229	474476
0.353745	471950
0.363142	469065
0.372414	465774
0.381555	462026
0.390559	457769
0.399419	452949
0.4076	447845
0.415781	442022
0.423962	435401
0.432143	427881
0.440324	419360
1.86	-98542.7
1.85044	-98495.9
1.84088	-98440.1
1.83132	-98388.6
1.82176	-98334.5
1.8122	-98279.3
1.80264	-98222.7
1.79308	-98164.7
1.78352	-98105.2
1.77396	-98044.2
1.7644	-97981.7
1.75484	-97917.5
1.74528	-97851.7
1.73572	-97784.2
1.72616	-97714.9
1.7166	-97643.8
1.70704	-97570.8
1.69748	-97495.8
1.68792	-97418.8
1.67836	-97339.8
1.6688	-97258.5
1.65924	-97175.1
1.64968	-97089.4
1.64012	-97001.2
1.63056	-96910.6
1.621	-96817.4
1.61144	-96721.6
1.60188	-96623
1.59232	-96521.6
1.58276	-96417.2
1.5732	-96309.8
1.56364	-96199.2
1.55408	-96085.3
1.54452	-95968
1.53496	-95847.3
1.5254	-95722.8
1.51584	-95594.6
1.50628	-95462.4
1.49672	-95326.2
1.48716	-95185.7
1.4776	-95040.9
1.46804	-94891.4
1.45848	-94737.2
1.44892	-94578
1.43936	-94413.7
1.4298	-94244
1.42024	-94068.6
1.41068	-93887.4
1.40112	-93700
1.39156	-93506.2
1.382	-93305.7
1.37244	-93098.1
1.36288	-92883.1
1.35332	-92660.4
1.34376	-92429.6
1.3342	-92190.2
1.32464	-91941.8
0.440324	419359
0.448505	409734
0.456686	398908
0.464866	386792
0.473047	373318
0.481228	358418
0.490589	339665
0.50074	317451
0.511233	292675
0.521604	266754
0.531164	242018
0.540724	216924
0.550283	191970
0.559843	167606
0.569403	144163
0.578963	121911
0.588523	101041
0.598083	81669.8
0.607643	63849.3
0.617203	47575.9
0.626763	32804.9
0.636323	19462.8
0.645883	7457.47
0.655443	-3313.35
0.665003	-12955.7
0.674563	-21574.8
0.684123	-29271.7
0.693683	-36141.7
0.703243	-42272.9
0.712803	-47745.8
0.722363	-52633.4
0.731923	-57001.5
0.741483	-60908.7
0.751043	-64407.4
0.760603	-67543.9
0.770163	-70359.4
0.779723	-72890.1
0.789283	-75168
0.798843	-77221.4
0.808403	-79075.1
0.817963	-80750.9
0.827523	-82268.3
0.837083	-83644.2
0.846643	-84894.2
0.856203	-86032.2
0.865763	-87071
0.875323	-88023.1
0.884883	-88900.5
0.894443	-89715.1
0.904003	-90478.9
0.913562	-91202.7
0.923123	-91894.8
0.932682	-92557.4
0.942242	-93177.7
)
