(title "Static Pressure")
(labels "Position" "Static Pressure")

((xy/key/label "centerline")
1.37331	-93283.3
1.39764	-93785.5
1.42198	-94250.9
1.44631	-94680.5
1.47065	-95076.1
1.49498	-95440.2
1.51932	-95775.3
1.54365	-96084
1.56799	-96368.9
1.59232	-96632.2
1.61666	-96876
1.64099	-97102.1
1.66532	-97312.3
1.68966	-97508
1.71399	-97690.5
1.73833	-97861
1.76266	-98020.4
1.787	-98170.5
1.81133	-98308.3
1.83567	-98451.1
1.86	-98568.6
0.481228	363479
0.50074	320218
0.521604	262704
0.545938	192279
0.570273	130774
0.594607	81095.6
0.618941	42083.9
0.643276	11846
0.66761	-11430.7
0.691945	-29265.6
0.716279	-42927
0.740614	-53441.5
0.764948	-61592.7
0.789283	-67960.6
0.813617	-72973.7
0.837952	-76939.9
0.862286	-80077
0.886621	-82539.1
0.910955	-84436.3
0	491691
0.0259177	491656
0.0518354	491586
0.0777531	491474
0.103671	491298
0.129589	491034
0.155506	490652
0.181424	490105
0.207023	489338
0.232517	488263
0.257802	486764
0.282774	484683
0.30733	481802
0.33137	477823
0.354795	472347
0.377509	464859
0.399419	454705
0.419872	441458
0.440324	423086
0.460776	397817
0.481228	363479
1.37331	-93283.3
1.34898	-92745.1
1.32464	-92174.1
1.30031	-91577.3
1.27597	-90966.3
1.25164	-90358.3
1.2273	-89776
1.20297	-89246.6
1.17863	-88798
1.1543	-88453.6
1.12997	-88225.5
1.10563	-88107.9
1.0813	-88073.2
1.05696	-88070.9
1.03263	-88030.1
1.00829	-87867.8
0.983959	-87500.3
0.959624	-86850.7
0.93529	-85850.9
0.910955	-84436.3
)
