(title "Static Pressure")
(labels "Position" "Static Pressure")

((xy/key/label "centerline")
0.904003	-74572.3
0.951802	-79300.5
0.999602	-82974.9
1.0474	-85815.3
1.0952	-88031.9
1.143	-89789
1.1908	-91205.2
1.2386	-92365.6
1.2864	-93331
1.3342	-94145.6
1.382	-94841.8
0.440324	436573
0.481228	369611
0.521604	255541
0.569403	125561
0.617203	48002.4
0.665003	1044.28
0.712803	-28638.3
0.760603	-47665.4
0.808403	-60030.6
0.856203	-68452.2
0.904002	-74572.3
1.86	-98560.1
1.8122	-98350.2
1.7644	-98090.6
1.7166	-97829.3
1.6688	-97533.8
1.621	-97206.6
1.5732	-96841.2
1.5254	-96431.3
1.4776	-95968.9
1.4298	-95443.6
1.382	-94841.8
0	491590
0.045356	491480
0.090712	491246
0.136068	490778
0.181424	489830
0.238862	487527
0.29511	482988
0.349001	474212
0.399419	461932
0.440324	436573
)
