(title "Static Pressure")
(labels "Position" "Static Pressure")

((xy/key/label "centerline")
1.20649	-87944.8
1.21655	-88410.7
1.2266	-88840.2
1.23665	-89239.8
1.24671	-89614.4
1.25676	-89967.8
1.26682	-90303
1.27687	-90622.3
1.28692	-90927.5
1.29698	-91220.2
1.30703	-91501.5
1.31709	-91772.6
1.32714	-92034.2
1.33719	-92286.8
1.34725	-92531
1.3573	-92767.1
1.36736	-92995.4
1.37741	-93216.1
1.38746	-93429.5
1.39752	-93635.7
1.40757	-93834.9
1.41763	-94027.5
1.42768	-94213.5
1.43773	-94393.4
1.44779	-94567.2
1.45784	-94735.4
1.4679	-94898
1.47795	-95055.3
1.48801	-95207.6
1.49806	-95355
1.50811	-95497.8
1.51817	-95636
1.52822	-95770
1.53828	-95899.7
1.54833	-96025.5
1.55838	-96147.4
1.56844	-96265.6
0.643463	9961
0.653518	-1677.73
0.663572	-12082.5
0.673626	-21348.5
0.68368	-29573.2
0.693734	-36856
0.703788	-43296.3
0.713842	-48991.2
0.723896	-54031.6
0.73395	-58499.9
0.744004	-62468.7
0.754058	-66000.3
0.764113	-69148.5
0.774167	-71959.7
0.784221	-74474.2
0.794274	-76727.3
0.804329	-78749.7
0.814383	-80568.3
0.824437	-82206.3
0.834491	-83683.8
0.844545	-85018.2
0.854599	-86224.6
0.864653	-87316.1
0.874707	-88303.8
0.884761	-89197
0.894815	-90003.4
0.904869	-90727.8
0.914924	-91371.9
0.924978	-91934.6
0.935032	-92408
0.945086	-92778.7
0.95514	-93028.1
0.965194	-93107.1
0.975248	-92968.7
0.985302	-92569.9
0.995356	-91813
1.00541	-90590
1.01546	-88856.3
1.02552	-86681.7
1.03557	-84277.5
1.04563	-81945.1
1.05568	-79991.4
1.06573	-78618.5
1.07579	-78051.4
1.08584	-78173.6
1.0959	-78676.9
1.10595	-79507.1
1.116	-80561.2
1.12606	-81688.5
1.13611	-82778.2
1.14617	-83790.1
1.15622	-84704.5
1.16628	-85515.9
1.17633	-86232.3
1.18638	-86867.1
1.19644	-87433.9
1.20649	-87944.8
0.643463	9961
0.633409	22929.8
0.623355	37334.9
0.613301	53301.1
0.603247	70961.7
0.593193	90435.5
0.583139	111767
0.57308	134884
0.563025	159548
0.552971	185430
0.542917	212161
0.532868	239186
0.522814	265841
0.51276	291479
0.502706	315611
0.492653	337906
0.482599	358159
0.472545	376290
0.462491	392317
0.452437	406331
0.442383	418480
0.432329	428943
0.422275	437911
0.412221	445574
0.402167	452110
0.392113	457681
0.38206	462431
0.372006	466484
0.361952	469948
0.351898	472912
0.341844	475454
0.33179	477638
0.321736	479517
0.311681	481138
0.301627	482540
0.291573	483753
0.281519	484805
0.271465	485720
0.261411	486515
0.251357	487208
0.241303	487811
0.231249	488338
0.221195	488797
0.211141	489197
0.201087	489546
0.191032	489849
0.180978	490114
0.170924	490343
0.16087	490543
0.150816	490715
0.140762	490864
0.130708	490992
0.120654	491102
0.1106	491196
0.100546	491276
0.0904918	491343
0.0804378	491400
0.0703837	491446
0.0603297	491483
0.0502756	491513
0.0402216	491536
0.0301675	491552
0.0201135	491561
0.0100594	491567
0	491568
1.86	-98547.5
1.84995	-98498.7
1.8399	-98440.4
1.82984	-98386.4
1.81979	-98329.6
1.80973	-98271.6
1.79968	-98212
1.78963	-98150.8
1.77957	-98088
1.76952	-98023.4
1.75946	-97957.1
1.74941	-97888.9
1.73936	-97818.9
1.7293	-97746.9
1.71925	-97672.9
1.70919	-97596.8
1.69914	-97518.5
1.68909	-97438.1
1.67903	-97355.3
1.66898	-97270.1
1.65892	-97182.4
1.64887	-97092.2
1.63882	-96999.3
1.62876	-96903.7
1.61871	-96805.2
1.60865	-96703.7
1.5986	-96599.1
1.58855	-96491.3
1.57849	-96380.2
1.56844	-96265.6
)
